version 3
run Tictoc1-0-20240121-17:42:54-14782
attr configname Tictoc1
attr datetime 20240121-17:42:54
attr datetimef 20240121-174254
attr experiment Tictoc1
attr inifile omnetpp.ini
attr iterationvars ""
attr iterationvarsd ""
attr iterationvarsf ""
attr measurement ""
attr network Tictoc1
attr processid 14782
attr repetition 0
attr replication #0
attr resultdir results
attr runnumber 0
attr seedset 0
config network Tictoc1

vector 0 Tictoc1.peer[0] HopCount ETV
vector 1 Tictoc1.peer[1] HopCount ETV
vector 2 Tictoc1.peer[2] HopCount ETV
vector 3 Tictoc1.peer[3] HopCount ETV
vector 4 Tictoc1.peer[4] HopCount ETV
vector 5 Tictoc1.peer[5] HopCount ETV
vector 6 Tictoc1.peer[6] HopCount ETV
vector 7 Tictoc1.peer[7] HopCount ETV
vector 8 Tictoc1.peer[8] HopCount ETV
vector 9 Tictoc1.peer[9] HopCount ETV
vector 10 Tictoc1.peer[10] HopCount ETV
vector 11 Tictoc1.peer[11] HopCount ETV
vector 12 Tictoc1.peer[12] HopCount ETV
vector 13 Tictoc1.peer[13] HopCount ETV
vector 14 Tictoc1.peer[14] HopCount ETV
vector 15 Tictoc1.peer[15] HopCount ETV
vector 16 Tictoc1.peer[16] HopCount ETV
vector 17 Tictoc1.peer[17] HopCount ETV
vector 18 Tictoc1.peer[18] HopCount ETV
vector 19 Tictoc1.peer[19] HopCount ETV
vector 20 Tictoc1.peer[20] HopCount ETV
vector 21 Tictoc1.peer[21] HopCount ETV
vector 22 Tictoc1.peer[23] HopCount ETV
vector 23 Tictoc1.peer[25] HopCount ETV
vector 24 Tictoc1.peer[26] HopCount ETV
vector 25 Tictoc1.peer[28] HopCount ETV
vector 26 Tictoc1.peer[29] HopCount ETV
vector 27 Tictoc1.peer[30] HopCount ETV
vector 28 Tictoc1.peer[31] HopCount ETV
vector 29 Tictoc1.peer[32] HopCount ETV
vector 30 Tictoc1.peer[38] HopCount ETV
vector 31 Tictoc1.peer[39] HopCount ETV
vector 32 Tictoc1.peer[41] HopCount ETV
vector 33 Tictoc1.peer[42] HopCount ETV
vector 34 Tictoc1.peer[43] HopCount ETV
vector 35 Tictoc1.peer[44] HopCount ETV
vector 36 Tictoc1.peer[45] HopCount ETV
vector 37 Tictoc1.peer[46] HopCount ETV
vector 38 Tictoc1.peer[47] HopCount ETV
vector 39 Tictoc1.peer[48] HopCount ETV
vector 40 Tictoc1.peer[22] HopCount ETV
vector 41 Tictoc1.peer[24] HopCount ETV
vector 42 Tictoc1.peer[27] HopCount ETV
vector 43 Tictoc1.peer[33] HopCount ETV
vector 44 Tictoc1.peer[34] HopCount ETV
vector 45 Tictoc1.peer[35] HopCount ETV
vector 46 Tictoc1.peer[36] HopCount ETV
vector 47 Tictoc1.peer[37] HopCount ETV
vector 48 Tictoc1.peer[40] HopCount ETV
vector 49 Tictoc1.peer[49] HopCount ETV
0	751	1.5	1
0	981	2	2
0	1221	2.5	3
0	1461	3	4
0	1691	3.5	5
0	1931	4	6
0	2171	4.5	7
0	2401	5	8
0	2641	5.5	9
0	2881	6	10
0	3113	6.5	11
0	3352	7	12
0	3590	7.5	13
0	3817	8	14
0	4056	8.5	15
0	4291	9	16
0	4517	9.5	17
0	4753	10	18
0	4988	10.5	19
0	5214	11	20
0	5450	11.5	21
0	5685	12	22
0	5911	12.5	23
0	6147	13	24
0	6382	13.5	25
0	6608	14	26
0	6844	14.5	27
0	7079	15	28
0	7305	15.5	29
0	7541	16	30
0	7778	16.5	31
0	8001	17	32
0	8236	17.5	33
0	8468	18	34
0	8692	18.5	35
0	8923	19	36
0	9152	19.5	37
0	9372	20	38
0	9599	20.5	39
0	9823	21	40
0	10039	21.5	41
0	10264	22	42
0	10488	22.5	43
0	10704	23	44
0	10929	23.5	45
0	11153	24	46
0	11369	24.5	47
0	11594	25	48
0	11820	25.5	49
0	12033	26	50
0	12257	26.5	51
0	12478	27	52
0	12693	27.5	53
0	12913	28	54
0	13133	28.5	55
0	13345	29	56
0	13565	29.5	57
0	13785	30	58
0	13997	30.5	59
0	14217	31	60
0	14437	31.5	61
1	752	1.5	1
1	1031	2.1	2
1	1311	2.7	3
1	1591	3.3	4
1	1871	3.9	5
1	2161	4.5	6
1	2451	5.1	7
1	2731	5.7	8
1	3013	6.3	9
1	3293	6.9	10
1	3581	7.5	11
1	3867	8.1	12
1	4144	8.7	13
1	4419	9.3	14
1	4694	9.9	15
1	4979	10.5	16
1	5263	11.1	17
1	5538	11.7	18
1	5813	12.3	19
1	6088	12.9	20
1	6373	13.5	21
1	6657	14.1	22
1	6932	14.7	23
1	7207	15.3	24
1	7482	15.9	25
1	7769	16.5	26
1	8049	17.1	27
1	8322	17.7	28
1	8594	18.3	29
1	8863	18.9	30
1	9143	19.5	31
1	9418	20.1	32
1	9681	20.7	33
1	9943	21.3	34
1	10205	21.9	35
1	10479	22.5	36
1	10749	23.1	37
1	11011	23.7	38
1	11273	24.3	39
1	11535	24.9	40
1	11811	25.5	41
1	12077	26.1	42
1	12337	26.7	43
1	12596	27.3	44
1	12854	27.9	45
1	13124	28.5	46
1	13387	29.1	47
1	13644	29.7	48
1	13901	30.3	49
1	14158	30.9	50
1	14428	31.5	51
1	14692	32.1	52
1	14947	32.7	53
1	15204	33.3	54
1	15452	33.9	55
1	15718	34.5	56
1	15969	35.1	57
1	16215	35.7	58
1	16458	36.3	59
1	16701	36.9	60
1	16960	37.5	61
1	17209	38.1	62
1	17451	38.7	63
1	17694	39.3	64
1	17931	39.9	65
1	18183	40.5	66
2	753	1.5	1
2	1032	2.1	2
2	1312	2.7	3
2	1592	3.3	4
2	1872	3.9	5
2	2162	4.5	6
2	2452	5.1	7
2	2732	5.7	8
2	3014	6.3	9
2	3294	6.9	10
2	3582	7.5	11
2	3868	8.1	12
2	4145	8.7	13
2	4420	9.3	14
2	4695	9.9	15
2	4980	10.5	16
2	5264	11.1	17
2	5539	11.7	18
2	5814	12.3	19
2	6089	12.9	20
2	6374	13.5	21
2	6658	14.1	22
2	6933	14.7	23
2	7208	15.3	24
2	7483	15.9	25
2	7770	16.5	26
2	8050	17.1	27
2	8323	17.7	28
2	8595	18.3	29
2	8864	18.9	30
2	9144	19.5	31
2	9419	20.1	32
2	9682	20.7	33
2	9944	21.3	34
2	10206	21.9	35
2	10480	22.5	36
2	10750	23.1	37
2	11012	23.7	38
2	11274	24.3	39
2	11536	24.9	40
2	11812	25.5	41
2	12078	26.1	42
2	12338	26.7	43
2	12597	27.3	44
2	12855	27.9	45
2	13125	28.5	46
2	13388	29.1	47
2	13645	29.7	48
2	13902	30.3	49
2	14159	30.9	50
2	14429	31.5	51
2	14693	32.1	52
2	14948	32.7	53
2	15205	33.3	54
2	15453	33.9	55
2	15719	34.5	56
2	15970	35.1	57
2	16216	35.7	58
2	16459	36.3	59
2	16702	36.9	60
2	16961	37.5	61
2	17210	38.1	62
2	17452	38.7	63
2	17695	39.3	64
2	17932	39.9	65
2	18184	40.5	66
2	18418	41.1	67
2	18651	41.7	68
2	18879	42.3	69
2	19101	42.9	70
2	19341	43.5	71
2	19555	44.1	72
2	19765	44.7	73
2	20046	45.5	74
2	20311	46.3	75
2	20593	47.1	76
2	20857	47.9	77
2	21139	48.7	78
2	21418	49.5	79
2	21685	50.3	80
2	21967	51.1	81
2	22156	51.9	82
2	22317	52.7	83
2	22459	53.5	84
2	22563	54.3	85
2	22676	55.1	86
2	22769	55.9	87
2	22877	56.7	88
2	22983	57.5	89
2	23077	58.3	90
2	23177	59.1	91
2	23262	59.9	92
2	23351	60.7	93
2	23421	61.5	94
2	23458	62.3	95
2	23500	63.1	96
2	23534	63.9	97
2	23570	64.7	98
2	23598	65.5	99
2	23625	66.3	100
3	754	1.5	1
3	1033	2.1	2
3	1313	2.7	3
3	1593	3.3	4
3	1873	3.9	5
3	2163	4.5	6
3	2453	5.1	7
3	2733	5.7	8
3	3015	6.3	9
3	3295	6.9	10
3	3583	7.5	11
3	3869	8.1	12
3	4146	8.7	13
3	4421	9.3	14
3	4696	9.9	15
3	4981	10.5	16
3	5265	11.1	17
3	5540	11.7	18
3	5815	12.3	19
3	6090	12.9	20
3	6375	13.5	21
3	6659	14.1	22
3	6934	14.7	23
3	7209	15.3	24
3	7484	15.9	25
3	7771	16.5	26
3	8051	17.1	27
3	8324	17.7	28
3	8596	18.3	29
3	8865	18.9	30
3	9145	19.5	31
3	9420	20.1	32
3	9683	20.7	33
3	9945	21.3	34
3	10207	21.9	35
3	10481	22.5	36
3	10751	23.1	37
3	11013	23.7	38
3	11275	24.3	39
3	11537	24.9	40
3	11813	25.5	41
3	12079	26.1	42
3	12339	26.7	43
3	12598	27.3	44
3	12856	27.9	45
3	13126	28.5	46
3	13389	29.1	47
3	13646	29.7	48
3	13903	30.3	49
3	14160	30.9	50
3	14430	31.5	51
3	14694	32.1	52
3	14949	32.7	53
3	15206	33.3	54
3	15454	33.9	55
3	15720	34.5	56
3	15971	35.1	57
3	16217	35.7	58
3	16460	36.3	59
3	16703	36.9	60
3	16962	37.5	61
3	17211	38.1	62
3	17453	38.7	63
3	17696	39.3	64
3	17933	39.9	65
3	18185	40.5	66
3	18419	41.1	67
3	18652	41.7	68
3	18880	42.3	69
3	19102	42.9	70
3	19342	43.5	71
3	19556	44.1	72
3	19766	44.7	73
3	19965	45.3	74
3	20169	45.9	75
3	20387	46.5	76
3	20594	47.1	77
3	20793	47.7	78
3	20997	48.3	79
3	21198	48.9	80
3	21419	49.5	81
3	21621	50.1	82
3	21825	50.7	83
3	22027	51.3	84
3	22157	51.9	85
3	22282	52.5	86
3	22392	53.1	87
3	22483	53.7	88
3	22564	54.3	89
3	22637	54.9	90
3	22724	55.5	91
3	22802	56.1	92
3	22878	56.7	93
3	22950	57.3	94
3	23022	57.9	95
3	23103	58.5	96
3	23178	59.1	97
3	23244	59.7	98
3	23307	60.3	99
3	23363	60.9	100
4	755	1.5	1
4	1034	2.1	2
4	1314	2.7	3
4	1594	3.3	4
4	1874	3.9	5
4	2164	4.5	6
4	2454	5.1	7
4	2734	5.7	8
4	3016	6.3	9
4	3296	6.9	10
4	3584	7.5	11
4	3870	8.1	12
4	4147	8.7	13
4	4422	9.3	14
4	4697	9.9	15
4	4982	10.5	16
4	5266	11.1	17
4	5541	11.7	18
4	5816	12.3	19
4	6091	12.9	20
4	6376	13.5	21
4	6660	14.1	22
4	6935	14.7	23
4	7210	15.3	24
4	7485	15.9	25
4	7772	16.5	26
4	8052	17.1	27
4	8325	17.7	28
4	8597	18.3	29
4	8866	18.9	30
4	9146	19.5	31
4	9421	20.1	32
4	9684	20.7	33
4	9946	21.3	34
4	10208	21.9	35
4	10482	22.5	36
4	10752	23.1	37
4	11014	23.7	38
4	11276	24.3	39
4	11538	24.9	40
4	11814	25.5	41
4	12080	26.1	42
4	12340	26.7	43
4	12599	27.3	44
4	12857	27.9	45
4	13127	28.5	46
4	13390	29.1	47
4	13647	29.7	48
4	13904	30.3	49
4	14161	30.9	50
4	14431	31.5	51
4	14695	32.1	52
4	14950	32.7	53
4	15207	33.3	54
4	15455	33.9	55
4	15721	34.5	56
4	15972	35.1	57
4	16218	35.7	58
4	16461	36.3	59
4	16704	36.9	60
4	16963	37.5	61
4	17212	38.1	62
4	17454	38.7	63
4	17697	39.3	64
4	17934	39.9	65
4	18186	40.5	66
4	18420	41.1	67
4	18653	41.7	68
4	18881	42.3	69
4	19103	42.9	70
4	19343	43.5	71
4	19557	44.1	72
4	19767	44.7	73
4	19966	45.3	74
4	20170	45.9	75
4	20388	46.5	76
4	20595	47.1	77
4	20794	47.7	78
4	20998	48.3	79
4	21199	48.9	80
4	21420	49.5	81
4	21622	50.1	82
4	21826	50.7	83
4	22028	51.3	84
4	22158	51.9	85
4	22283	52.5	86
4	22393	53.1	87
4	22484	53.7	88
4	22565	54.3	89
4	22638	54.9	90
4	22725	55.5	91
4	22803	56.1	92
4	22879	56.7	93
4	22951	57.3	94
4	23023	57.9	95
4	23104	58.5	96
4	23179	59.1	97
4	23245	59.7	98
4	23308	60.3	99
4	23364	60.9	100
5	756	1.5	1
5	1035	2.1	2
5	1315	2.7	3
5	1595	3.3	4
5	1875	3.9	5
5	2165	4.5	6
5	2455	5.1	7
5	2735	5.7	8
5	3017	6.3	9
5	3297	6.9	10
5	3585	7.5	11
5	3871	8.1	12
5	4148	8.7	13
5	4423	9.3	14
5	4698	9.9	15
5	4983	10.5	16
5	5267	11.1	17
5	5542	11.7	18
5	5817	12.3	19
5	6092	12.9	20
5	6377	13.5	21
5	6661	14.1	22
5	6936	14.7	23
5	7211	15.3	24
5	7486	15.9	25
5	7773	16.5	26
5	8053	17.1	27
5	8326	17.7	28
5	8598	18.3	29
5	8867	18.9	30
5	9147	19.5	31
5	9422	20.1	32
5	9685	20.7	33
5	9947	21.3	34
5	10209	21.9	35
5	10483	22.5	36
5	10753	23.1	37
5	11015	23.7	38
5	11277	24.3	39
5	11539	24.9	40
5	11815	25.5	41
5	12081	26.1	42
5	12341	26.7	43
5	12600	27.3	44
5	12858	27.9	45
5	13128	28.5	46
5	13391	29.1	47
5	13648	29.7	48
5	13905	30.3	49
5	14162	30.9	50
5	14432	31.5	51
5	14696	32.1	52
5	14951	32.7	53
5	15208	33.3	54
5	15456	33.9	55
5	15722	34.5	56
5	15973	35.1	57
5	16219	35.7	58
5	16462	36.3	59
5	16705	36.9	60
5	16964	37.5	61
5	17213	38.1	62
5	17455	38.7	63
5	17698	39.3	64
5	17935	39.9	65
5	18187	40.5	66
5	18421	41.1	67
5	19447	43.8	68
5	19656	44.4	69
5	19877	45	70
5	20082	45.6	71
5	20285	46.2	72
5	20487	46.8	73
5	20688	47.4	74
5	20907	48	75
5	21113	48.6	76
5	21315	49.2	77
5	21516	49.8	78
5	21718	50.4	79
5	21938	51	80
5	22114	51.6	81
5	22226	52.2	82
5	22334	52.8	83
5	22437	53.4	84
5	22531	54	85
5	22613	54.6	86
5	22687	55.2	87
5	22762	55.8	88
5	22836	56.4	89
5	22920	57	90
5	22996	57.6	91
5	23069	58.2	92
5	23139	58.8	93
5	23208	59.4	94
5	23299	60.2	95
5	23379	61	96
5	23432	61.8	97
5	23474	62.6	98
5	23509	63.4	99
5	23547	64.2	100
6	757	1.5	1
6	982	2	2
6	1222	2.5	3
6	1462	3	4
6	1692	3.5	5
6	1932	4	6
6	2172	4.5	7
6	2402	5	8
6	2642	5.5	9
6	2882	6	10
6	3114	6.5	11
6	3353	7	12
6	3591	7.5	13
6	3818	8	14
6	4057	8.5	15
6	4292	9	16
6	4518	9.5	17
6	4754	10	18
6	4989	10.5	19
6	5215	11	20
6	5451	11.5	21
6	5686	12	22
6	5912	12.5	23
6	6148	13	24
6	6383	13.5	25
6	6609	14	26
6	6845	14.5	27
6	7080	15	28
6	7306	15.5	29
6	7542	16	30
6	7779	16.5	31
6	8002	17	32
6	8237	17.5	33
6	8469	18	34
6	8693	18.5	35
6	8924	19	36
6	9153	19.5	37
6	9373	20	38
6	9600	20.5	39
6	9824	21	40
6	10040	21.5	41
6	10265	22	42
6	10489	22.5	43
6	10705	23	44
6	10930	23.5	45
6	11154	24	46
6	11370	24.5	47
6	11595	25	48
6	11821	25.5	49
6	12034	26	50
6	12258	26.5	51
6	12479	27	52
6	12694	27.5	53
6	12914	28	54
6	13134	28.5	55
6	13346	29	56
6	13566	29.5	57
6	13786	30	58
6	13998	30.5	59
6	14218	31	60
6	14438	31.5	61
6	14650	32	62
6	14870	32.5	63
6	15087	33	64
6	15298	33.5	65
6	15511	34	66
6	15727	34.5	67
6	15930	35	68
6	16142	35.5	69
6	16352	36	70
6	16552	36.5	71
6	16761	37	72
6	16970	37.5	73
6	17170	38	74
6	17379	38.5	75
6	17587	39	76
6	17789	39.5	77
6	17990	40	78
6	18193	40.5	79
6	18382	41	80
6	18584	41.5	81
6	18777	42	82
6	18963	42.5	83
6	19156	43	84
6	19348	43.5	85
6	19523	44	86
6	19701	44.5	87
6	19878	45	88
6	20048	45.5	89
6	20220	46	90
6	20393	46.5	91
6	20562	47	92
6	20735	47.5	93
6	20908	48	94
6	21075	48.5	95
6	21249	49	96
6	21425	49.5	97
6	21592	50	98
6	21764	50.5	99
6	21939	51	100
7	758	1.5	1
7	1036	2.1	2
7	1316	2.7	3
7	1596	3.3	4
7	1876	3.9	5
7	2166	4.5	6
7	2456	5.1	7
7	2736	5.7	8
7	3018	6.3	9
7	3298	6.9	10
7	3586	7.5	11
7	3872	8.1	12
7	4149	8.7	13
7	4424	9.3	14
7	4699	9.9	15
7	4984	10.5	16
7	5268	11.1	17
7	5543	11.7	18
7	5818	12.3	19
7	6093	12.9	20
7	6378	13.5	21
7	6662	14.1	22
7	6937	14.7	23
7	7212	15.3	24
7	7487	15.9	25
7	7774	16.5	26
7	8054	17.1	27
7	8327	17.7	28
7	8599	18.3	29
7	8868	18.9	30
7	9148	19.5	31
7	9423	20.1	32
7	9686	20.7	33
7	9948	21.3	34
7	10210	21.9	35
7	10484	22.5	36
7	10754	23.1	37
7	11016	23.7	38
7	11278	24.3	39
7	11540	24.9	40
7	11816	25.5	41
7	12082	26.1	42
7	12342	26.7	43
7	12601	27.3	44
7	12859	27.9	45
7	13129	28.5	46
7	13392	29.1	47
7	13649	29.7	48
7	13906	30.3	49
7	14163	30.9	50
7	14433	31.5	51
7	14697	32.1	52
7	14952	32.7	53
7	15209	33.3	54
7	15457	33.9	55
7	15723	34.5	56
7	15974	35.1	57
7	16220	35.7	58
7	16463	36.3	59
7	16706	36.9	60
7	16965	37.5	61
7	17214	38.1	62
7	17456	38.7	63
7	17699	39.3	64
7	17936	39.9	65
7	18188	40.5	66
7	18422	41.1	67
7	18654	41.7	68
7	18882	42.3	69
7	19104	42.9	70
7	19344	43.5	71
7	19558	44.1	72
7	19768	44.7	73
7	19967	45.3	74
7	20171	45.9	75
7	20389	46.5	76
7	20596	47.1	77
7	20795	47.7	78
7	20999	48.3	79
7	21200	48.9	80
7	21421	49.5	81
7	21623	50.1	82
7	21827	50.7	83
7	22029	51.3	84
7	22159	51.9	85
7	22284	52.5	86
7	22394	53.1	87
7	22485	53.7	88
7	22566	54.3	89
7	22639	54.9	90
7	22726	55.5	91
7	22804	56.1	92
7	22880	56.7	93
7	22952	57.3	94
7	23024	57.9	95
7	23105	58.5	96
7	23180	59.1	97
7	23246	59.7	98
7	23309	60.3	99
7	23365	60.9	100
8	759	1.5	1
8	1037	2.1	2
8	1317	2.7	3
8	1597	3.3	4
8	1877	3.9	5
8	2167	4.5	6
8	2457	5.1	7
8	2737	5.7	8
8	3019	6.3	9
8	3299	6.9	10
8	3587	7.5	11
8	3873	8.1	12
8	4150	8.7	13
8	4425	9.3	14
8	4700	9.9	15
8	4985	10.5	16
8	5269	11.1	17
8	5544	11.7	18
8	5819	12.3	19
8	6094	12.9	20
8	6379	13.5	21
8	6663	14.1	22
8	6938	14.7	23
8	7213	15.3	24
8	7488	15.9	25
8	7775	16.5	26
8	8055	17.1	27
8	8328	17.7	28
8	8600	18.3	29
8	8869	18.9	30
8	9149	19.5	31
8	9424	20.1	32
8	9687	20.7	33
8	9949	21.3	34
8	10211	21.9	35
8	10485	22.5	36
8	10755	23.1	37
8	11017	23.7	38
8	11279	24.3	39
8	11541	24.9	40
8	11817	25.5	41
8	12083	26.1	42
8	12343	26.7	43
8	12602	27.3	44
8	12860	27.9	45
8	13130	28.5	46
8	13393	29.1	47
8	13650	29.7	48
8	13907	30.3	49
8	14164	30.9	50
8	14434	31.5	51
8	14698	32.1	52
8	14953	32.7	53
8	15210	33.3	54
8	15458	33.9	55
8	15724	34.5	56
8	15975	35.1	57
8	16221	35.7	58
8	16464	36.3	59
8	16707	36.9	60
8	16966	37.5	61
8	17215	38.1	62
8	17457	38.7	63
8	17700	39.3	64
8	17937	39.9	65
8	18189	40.5	66
8	18423	41.1	67
8	18655	41.7	68
8	18883	42.3	69
8	19938	45.2	70
8	20216	46	71
8	20486	46.8	72
8	20766	47.6	73
8	21027	48.4	74
8	21314	49.2	75
8	21591	50	76
8	21855	50.8	77
8	22113	51.6	78
8	22254	52.4	79
8	22406	53.2	80
8	22530	54	81
8	22631	54.8	82
8	22738	55.6	83
8	22835	56.4	84
8	22943	57.2	85
8	23041	58	86
8	23138	58.8	87
8	23238	59.6	88
8	23314	60.4	89
8	23404	61.2	90
8	23446	62	91
8	23483	62.8	92
8	23525	63.6	93
8	23555	64.4	94
8	23587	65.2	95
8	23615	66	96
8	23642	66.8	97
8	23660	67.6	98
8	23670	68.4	99
8	23682	69.2	100
9	760	1.5	1
9	1038	2.1	2
9	1318	2.7	3
9	1598	3.3	4
9	1878	3.9	5
9	2168	4.5	6
9	2458	5.1	7
9	2738	5.7	8
9	3020	6.3	9
9	3300	6.9	10
9	3588	7.5	11
9	3874	8.1	12
9	4151	8.7	13
9	4426	9.3	14
9	4701	9.9	15
9	4986	10.5	16
9	5270	11.1	17
9	5545	11.7	18
9	5820	12.3	19
9	6095	12.9	20
9	6380	13.5	21
9	6664	14.1	22
9	6939	14.7	23
9	7214	15.3	24
9	7489	15.9	25
9	7776	16.5	26
9	8056	17.1	27
9	8329	17.7	28
9	8601	18.3	29
9	8870	18.9	30
9	9150	19.5	31
9	9425	20.1	32
9	9688	20.7	33
9	9950	21.3	34
9	10212	21.9	35
9	10486	22.5	36
9	10756	23.1	37
9	11018	23.7	38
9	11280	24.3	39
9	11542	24.9	40
9	11818	25.5	41
9	12084	26.1	42
9	12344	26.7	43
9	12603	27.3	44
9	12861	27.9	45
9	13131	28.5	46
9	13394	29.1	47
9	13651	29.7	48
9	13908	30.3	49
9	14165	30.9	50
9	14435	31.5	51
9	14699	32.1	52
9	14954	32.7	53
9	15211	33.3	54
9	15459	33.9	55
9	15725	34.5	56
9	15976	35.1	57
9	16222	35.7	58
9	16465	36.3	59
9	16708	36.9	60
9	16967	37.5	61
9	17216	38.1	62
9	17458	38.7	63
9	17701	39.3	64
9	17938	39.9	65
9	18190	40.5	66
9	18424	41.1	67
9	18656	41.7	68
9	18884	42.3	69
9	19105	42.9	70
9	19345	43.5	71
9	19620	44.3	72
9	19906	45.1	73
9	20168	45.9	74
9	20452	46.7	75
9	20731	47.5	76
9	20996	48.3	77
9	21280	49.1	78
9	21542	49.9	79
9	21824	50.7	80
9	22092	51.5	81
9	22237	52.3	82
9	22391	53.1	83
9	22505	53.9	84
9	22620	54.7	85
9	22723	55.5	86
9	22823	56.3	87
9	22932	57.1	88
9	23021	57.9	89
9	23127	58.7	90
9	23226	59.5	91
9	23306	60.3	92
9	23394	61.1	93
9	23437	61.9	94
9	23479	62.7	95
9	23519	63.5	96
9	23551	64.3	97
9	23584	65.1	98
9	23609	65.9	99
9	23639	66.7	100
10	761	1.5	1
10	983	2	2
10	1223	2.5	3
10	1463	3	4
10	1693	3.5	5
10	1933	4	6
10	2173	4.5	7
10	2403	5	8
10	2643	5.5	9
10	2883	6	10
10	3115	6.5	11
10	3354	7	12
10	3592	7.5	13
10	3819	8	14
10	4058	8.5	15
10	4293	9	16
10	4519	9.5	17
10	4755	10	18
10	4990	10.5	19
10	5216	11	20
10	5452	11.5	21
10	5687	12	22
10	5913	12.5	23
10	6149	13	24
10	6384	13.5	25
10	6610	14	26
10	6846	14.5	27
10	7081	15	28
10	7307	15.5	29
10	7543	16	30
10	7780	16.5	31
10	8003	17	32
10	8238	17.5	33
10	8470	18	34
10	8694	18.5	35
10	8925	19	36
10	9154	19.5	37
10	9374	20	38
10	9601	20.5	39
10	9825	21	40
10	10041	21.5	41
10	10266	22	42
10	10490	22.5	43
10	10706	23	44
10	10931	23.5	45
10	11155	24	46
10	11371	24.5	47
10	11596	25	48
10	11822	25.5	49
10	12035	26	50
10	12259	26.5	51
10	12480	27	52
10	12695	27.5	53
10	12915	28	54
10	13135	28.5	55
10	13347	29	56
10	13567	29.5	57
10	13787	30	58
10	13999	30.5	59
10	14219	31	60
10	14439	31.5	61
10	14651	32	62
10	15769	34.6	63
10	15980	35.1	64
10	16184	35.6	65
10	16393	36.1	66
10	16602	36.6	67
10	16802	37.1	68
10	17011	37.6	69
10	17221	38.1	70
10	17420	38.6	71
10	17628	39.1	72
10	18688	41.8	73
11	762	1.5	1
11	1039	2.1	2
11	1319	2.7	3
11	1599	3.3	4
11	1879	3.9	5
11	2169	4.5	6
11	2459	5.1	7
11	2739	5.7	8
12	763	1.5	1
12	984	2	2
12	1224	2.5	3
12	1464	3	4
12	1694	3.5	5
12	1934	4	6
12	2174	4.5	7
12	2404	5	8
12	2644	5.5	9
12	2884	6	10
12	3116	6.5	11
12	3355	7	12
12	3593	7.5	13
12	3820	8	14
12	4059	8.5	15
12	4294	9	16
12	4520	9.5	17
12	4756	10	18
12	4991	10.5	19
12	5217	11	20
12	5453	11.5	21
12	5688	12	22
12	5914	12.5	23
12	6150	13	24
12	6385	13.5	25
12	6611	14	26
12	6847	14.5	27
12	7082	15	28
12	7308	15.5	29
12	7544	16	30
12	7781	16.5	31
12	8004	17	32
12	8239	17.5	33
12	8471	18	34
12	8695	18.5	35
12	8926	19	36
12	9155	19.5	37
12	9375	20	38
12	9602	20.5	39
12	9826	21	40
12	10042	21.5	41
12	10267	22	42
12	10491	22.5	43
12	10707	23	44
12	10932	23.5	45
12	11156	24	46
12	11372	24.5	47
12	11597	25	48
12	11823	25.5	49
12	12036	26	50
12	12260	26.5	51
12	12481	27	52
12	12696	27.5	53
12	12916	28	54
12	13136	28.5	55
12	13348	29	56
12	13568	29.5	57
12	13788	30	58
12	14000	30.5	59
12	14220	31	60
12	14440	31.5	61
12	14652	32	62
12	14871	32.5	63
12	15088	33	64
12	15299	33.5	65
12	15512	34	66
12	15728	34.5	67
12	15931	35	68
12	16143	35.5	69
12	16353	36	70
12	16553	36.5	71
12	16762	37	72
12	16971	37.5	73
12	17171	38	74
12	17380	38.5	75
12	17588	39	76
12	17790	39.5	77
12	17991	40	78
12	18194	40.5	79
12	18383	41	80
12	18585	41.5	81
12	18778	42	82
12	18964	42.5	83
12	19157	43	84
12	19349	43.5	85
12	19524	44	86
12	19702	44.5	87
12	19879	45	88
12	20049	45.5	89
12	20221	46	90
12	20394	46.5	91
12	20563	47	92
12	20736	47.5	93
12	20909	48	94
12	21076	48.5	95
12	21250	49	96
12	21426	49.5	97
12	21593	50	98
12	21765	50.5	99
12	21940	51	100
13	764	1.5	1
13	985	2	2
13	1225	2.5	3
13	1465	3	4
13	1695	3.5	5
13	1935	4	6
13	2175	4.5	7
13	2405	5	8
13	2645	5.5	9
13	2885	6	10
13	3117	6.5	11
13	3356	7	12
13	3594	7.5	13
13	3821	8	14
13	4060	8.5	15
13	4295	9	16
13	4521	9.5	17
13	4757	10	18
13	4992	10.5	19
13	5218	11	20
13	5454	11.5	21
13	5689	12	22
13	5915	12.5	23
13	6151	13	24
13	6386	13.5	25
13	6612	14	26
13	6848	14.5	27
13	7083	15	28
13	7309	15.5	29
13	7545	16	30
13	8786	18.7	31
13	9056	19.3	32
13	9321	19.9	33
13	9598	20.5	34
13	9868	21.1	35
13	10130	21.7	36
13	10392	22.3	37
13	10654	22.9	38
13	10928	23.5	39
13	11198	24.1	40
13	11460	24.7	41
13	11723	25.3	42
13	11982	25.9	43
13	12256	26.5	44
13	12521	27.1	45
13	12780	27.7	46
13	13037	28.3	47
13	13294	28.9	48
13	13564	29.5	49
13	13827	30.1	50
13	14084	30.7	51
13	14341	31.3	52
13	14598	31.9	53
13	14869	32.5	54
13	15130	33.1	55
13	15381	33.7	56
13	15632	34.3	57
13	15879	34.9	58
13	16141	35.5	59
13	16389	36.1	60
13	16632	36.7	61
13	16875	37.3	62
13	17118	37.9	63
13	17377	38.5	64
13	17624	39.1	65
13	17865	39.7	66
13	18101	40.3	67
13	18330	40.9	68
13	18582	41.5	69
13	18811	42.1	70
13	19037	42.7	71
13	19258	43.3	72
13	19473	43.9	73
13	19698	44.5	74
13	19907	45.1	75
13	20108	45.7	76
13	20312	46.3	77
13	20511	46.9	78
13	20732	47.5	79
13	20936	48.1	80
13	21140	48.7	81
13	21339	49.3	82
13	21543	49.9	83
13	21761	50.5	84
13	21968	51.1	85
13	22124	51.7	86
13	22238	52.3	87
13	22344	52.9	88
13	22460	53.5	89
13	22541	54.1	90
13	22621	54.7	91
13	22694	55.3	92
13	22770	55.9	93
13	22852	56.5	94
13	22933	57.1	95
13	23281	60	96
13	23357	60.8	97
13	23425	61.6	98
13	23460	62.4	99
13	23502	63.2	100
14	765	1.5	1
14	986	2	2
14	1226	2.5	3
14	1466	3	4
14	1696	3.5	5
14	1936	4	6
14	2176	4.5	7
14	2406	5	8
14	2646	5.5	9
14	2886	6	10
14	3118	6.5	11
14	3357	7	12
14	3595	7.5	13
14	3822	8	14
14	4061	8.5	15
14	4296	9	16
14	4522	9.5	17
14	4758	10	18
14	4993	10.5	19
14	5219	11	20
14	5455	11.5	21
14	5690	12	22
14	5916	12.5	23
14	6152	13	24
14	6387	13.5	25
14	6613	14	26
14	6849	14.5	27
14	7084	15	28
14	7310	15.5	29
14	7546	16	30
14	7782	16.5	31
14	8005	17	32
14	8240	17.5	33
14	8472	18	34
14	8696	18.5	35
14	8927	19	36
14	9156	19.5	37
14	9376	20	38
14	9603	20.5	39
14	9827	21	40
14	10043	21.5	41
14	10268	22	42
14	10492	22.5	43
14	10708	23	44
14	10933	23.5	45
14	11157	24	46
14	11373	24.5	47
14	11598	25	48
14	11824	25.5	49
14	12037	26	50
14	12261	26.5	51
14	12482	27	52
14	12697	27.5	53
14	12917	28	54
14	13137	28.5	55
14	13349	29	56
14	13569	29.5	57
14	13789	30	58
14	14001	30.5	59
14	14221	31	60
14	14441	31.5	61
14	14653	32	62
14	14872	32.5	63
14	15089	33	64
14	15300	33.5	65
14	15513	34	66
14	15729	34.5	67
14	15932	35	68
14	16144	35.5	69
14	16354	36	70
14	16554	36.5	71
14	16763	37	72
14	16972	37.5	73
14	17172	38	74
14	17381	38.5	75
14	17589	39	76
14	17791	39.5	77
14	17992	40	78
14	18195	40.5	79
14	18384	41	80
14	18586	41.5	81
14	18779	42	82
14	18965	42.5	83
14	19158	43	84
14	19350	43.5	85
14	19525	44	86
14	19703	44.5	87
14	19880	45	88
14	20050	45.5	89
14	20222	46	90
14	20395	46.5	91
14	20564	47	92
14	20737	47.5	93
14	20910	48	94
14	21077	48.5	95
14	21251	49	96
14	21427	49.5	97
14	21594	50	98
14	21766	50.5	99
14	21941	51	100
15	766	1.5	1
15	987	2	2
15	1227	2.5	3
15	1467	3	4
15	1697	3.5	5
15	1937	4	6
15	2177	4.5	7
15	2407	5	8
15	2647	5.5	9
15	2887	6	10
15	3119	6.5	11
15	3358	7	12
15	3596	7.5	13
15	3823	8	14
15	4062	8.5	15
15	4297	9	16
15	4523	9.5	17
15	4759	10	18
15	4994	10.5	19
15	5220	11	20
15	5456	11.5	21
15	5691	12	22
15	5917	12.5	23
15	6153	13	24
15	6388	13.5	25
15	6614	14	26
15	6850	14.5	27
15	7085	15	28
15	7311	15.5	29
15	7547	16	30
15	7783	16.5	31
15	8006	17	32
15	8241	17.5	33
15	8473	18	34
15	8697	18.5	35
15	8928	19	36
15	9157	19.5	37
15	9377	20	38
15	9604	20.5	39
15	9828	21	40
15	10044	21.5	41
15	10269	22	42
15	10493	22.5	43
15	10709	23	44
15	10934	23.5	45
15	11158	24	46
15	11374	24.5	47
15	11599	25	48
15	11825	25.5	49
15	12038	26	50
15	12262	26.5	51
15	12483	27	52
15	12698	27.5	53
15	12918	28	54
15	13138	28.5	55
15	13350	29	56
15	13570	29.5	57
15	13790	30	58
15	14002	30.5	59
15	14222	31	60
15	14442	31.5	61
15	14654	32	62
15	14873	32.5	63
15	15090	33	64
15	15301	33.5	65
15	15514	34	66
15	15730	34.5	67
15	15933	35	68
15	16145	35.5	69
15	16355	36	70
15	16555	36.5	71
15	16764	37	72
15	16973	37.5	73
15	17173	38	74
15	17382	38.5	75
15	17590	39	76
15	17792	39.5	77
15	17993	40	78
15	18196	40.5	79
15	18385	41	80
15	18587	41.5	81
15	18780	42	82
15	18966	42.5	83
15	19159	43	84
15	19351	43.5	85
15	19526	44	86
15	19704	44.5	87
15	19881	45	88
15	20051	45.5	89
15	20223	46	90
15	20396	46.5	91
15	20565	47	92
15	20738	47.5	93
15	20911	48	94
15	21078	48.5	95
15	21252	49	96
15	21428	49.5	97
15	21595	50	98
15	21767	50.5	99
15	21942	51	100
16	767	1.5	1
16	988	2	2
16	1228	2.5	3
16	1468	3	4
16	1698	3.5	5
16	1938	4	6
16	2178	4.5	7
16	2408	5	8
16	2648	5.5	9
16	2888	6	10
16	3120	6.5	11
16	3359	7	12
16	3597	7.5	13
16	3824	8	14
16	4063	8.5	15
16	4298	9	16
16	4524	9.5	17
16	4760	10	18
16	4995	10.5	19
16	5221	11	20
16	5457	11.5	21
16	5692	12	22
16	5918	12.5	23
16	6154	13	24
16	6389	13.5	25
16	6615	14	26
16	6851	14.5	27
16	7086	15	28
16	7312	15.5	29
16	7548	16	30
16	7784	16.5	31
16	8007	17	32
16	8242	17.5	33
16	8474	18	34
16	8698	18.5	35
16	8969	19.1	36
16	9236	19.7	37
16	9502	20.3	38
16	9764	20.9	39
16	10038	21.5	40
16	10308	22.1	41
16	10570	22.7	42
16	10832	23.3	43
16	11094	23.9	44
16	11368	24.5	45
16	11638	25.1	46
16	11899	25.7	47
16	12161	26.3	48
16	12419	26.9	49
16	12692	27.5	50
16	12955	28.1	51
16	13212	28.7	52
16	13469	29.3	53
16	13726	29.9	54
16	13996	30.5	55
16	14259	31.1	56
16	14516	31.7	57
16	14775	32.3	58
16	15028	32.9	59
16	15297	33.5	60
16	15552	34.1	61
16	15801	34.7	62
16	16048	35.3	63
16	16292	35.9	64
16	16551	36.5	65
16	16799	37.1	66
16	17042	37.7	67
16	17287	38.3	68
16	17527	38.9	69
16	17788	39.5	70
16	18027	40.1	71
16	18260	40.7	72
16	18492	41.3	73
16	18719	41.9	74
16	18962	42.5	75
16	19191	43.1	76
16	19411	43.7	77
16	19621	44.3	78
16	19826	44.9	79
16	20047	45.5	80
16	20249	46.1	81
16	20453	46.7	82
16	20654	47.3	83
16	20858	47.9	84
16	21074	48.5	85
16	21281	49.1	86
16	21482	49.7	87
16	21686	50.3	88
16	21885	50.9	89
16	22093	51.5	90
16	22207	52.1	91
16	22318	52.7	92
16	22419	53.3	93
16	22506	53.9	94
16	22596	54.5	95
16	22677	55.1	96
16	22748	55.7	97
16	22824	56.3	98
16	22897	56.9	99
16	23252	59.8	100
17	768	1.5	1
17	1040	2.1	2
17	1320	2.7	3
17	1600	3.3	4
17	1880	3.9	5
17	2170	4.5	6
17	2460	5.1	7
17	2740	5.7	8
17	3022	6.3	9
17	3301	6.9	10
17	3589	7.5	11
17	3875	8.1	12
17	4152	8.7	13
17	4427	9.3	14
17	4702	9.9	15
17	4987	10.5	16
17	5271	11.1	17
17	5546	11.7	18
17	5821	12.3	19
17	6096	12.9	20
17	6381	13.5	21
17	6665	14.1	22
17	6940	14.7	23
17	7215	15.3	24
17	7490	15.9	25
17	7777	16.5	26
17	8057	17.1	27
17	8330	17.7	28
17	8602	18.3	29
17	8871	18.9	30
17	9151	19.5	31
17	9426	20.1	32
17	9689	20.7	33
17	9951	21.3	34
17	10213	21.9	35
17	10487	22.5	36
17	10757	23.1	37
17	11019	23.7	38
17	11281	24.3	39
17	11543	24.9	40
17	11819	25.5	41
17	12085	26.1	42
17	12345	26.7	43
17	12604	27.3	44
17	12862	27.9	45
17	13132	28.5	46
17	13395	29.1	47
17	13652	29.7	48
17	13909	30.3	49
17	14166	30.9	50
17	14436	31.5	51
17	14700	32.1	52
17	14955	32.7	53
17	15212	33.3	54
17	15460	33.9	55
17	15726	34.5	56
17	15977	35.1	57
17	16223	35.7	58
17	16466	36.3	59
17	16709	36.9	60
17	16968	37.5	61
17	17217	38.1	62
17	17459	38.7	63
17	17702	39.3	64
17	17939	39.9	65
17	18191	40.5	66
17	18425	41.1	67
17	18657	41.7	68
17	18885	42.3	69
17	19106	42.9	70
17	19346	43.5	71
17	19559	44.1	72
17	19769	44.7	73
17	19968	45.3	74
17	20172	45.9	75
17	20390	46.5	76
17	20597	47.1	77
17	20796	47.7	78
17	21000	48.3	79
17	21201	48.9	80
17	21422	49.5	81
17	21624	50.1	82
17	21828	50.7	83
17	22030	51.3	84
17	22160	51.9	85
17	22285	52.5	86
17	22395	53.1	87
17	22486	53.7	88
17	22567	54.3	89
17	22640	54.9	90
17	22727	55.5	91
17	22805	56.1	92
17	22881	56.7	93
17	22953	57.3	94
17	23025	57.9	95
17	23106	58.5	96
17	23181	59.1	97
17	23247	59.7	98
17	23310	60.3	99
17	23366	60.9	100
18	769	1.5	1
18	989	2	2
18	1229	2.5	3
18	1469	3	4
18	1699	3.5	5
18	1939	4	6
18	2179	4.5	7
18	2409	5	8
18	2649	5.5	9
18	2889	6	10
18	3121	6.5	11
18	3360	7	12
18	3598	7.5	13
18	3825	8	14
18	4064	8.5	15
18	4299	9	16
18	4525	9.5	17
18	4761	10	18
18	4996	10.5	19
18	5222	11	20
18	5458	11.5	21
18	5693	12	22
18	5919	12.5	23
18	6155	13	24
18	6390	13.5	25
18	6616	14	26
18	6852	14.5	27
18	7087	15	28
18	7313	15.5	29
18	7549	16	30
18	7785	16.5	31
18	8008	17	32
18	8243	17.5	33
18	8475	18	34
18	8699	18.5	35
18	8929	19	36
18	9158	19.5	37
18	9378	20	38
18	9605	20.5	39
18	9829	21	40
18	10045	21.5	41
18	10270	22	42
18	10494	22.5	43
18	10710	23	44
18	10935	23.5	45
18	11159	24	46
18	11375	24.5	47
18	11600	25	48
18	11826	25.5	49
18	12039	26	50
18	12263	26.5	51
18	12484	27	52
18	12699	27.5	53
18	12919	28	54
18	13139	28.5	55
18	13351	29	56
18	13571	29.5	57
18	13791	30	58
18	14003	30.5	59
18	14223	31	60
18	14443	31.5	61
18	14655	32	62
18	14874	32.5	63
18	15091	33	64
18	15302	33.5	65
18	15515	34	66
18	15731	34.5	67
18	15934	35	68
18	16146	35.5	69
18	16356	36	70
18	16556	36.5	71
18	16765	37	72
18	16974	37.5	73
18	17174	38	74
18	17383	38.5	75
18	17591	39	76
18	17793	39.5	77
18	17994	40	78
18	18197	40.5	79
18	18386	41	80
18	18588	41.5	81
18	18781	42	82
18	18967	42.5	83
18	19160	43	84
18	19352	43.5	85
18	19527	44	86
18	19705	44.5	87
18	19882	45	88
18	20052	45.5	89
18	20224	46	90
18	20397	46.5	91
18	20566	47	92
18	20739	47.5	93
18	20912	48	94
18	21079	48.5	95
18	21253	49	96
18	21429	49.5	97
18	21596	50	98
18	21768	50.5	99
18	21943	51	100
19	770	1.5	1
19	990	2	2
19	1230	2.5	3
19	1470	3	4
19	1700	3.5	5
19	1940	4	6
19	2180	4.5	7
19	2410	5	8
19	2650	5.5	9
19	2890	6	10
19	3122	6.5	11
19	3361	7	12
19	3599	7.5	13
19	3826	8	14
19	4065	8.5	15
19	4300	9	16
19	4526	9.5	17
19	4762	10	18
19	4997	10.5	19
19	5223	11	20
19	5459	11.5	21
19	5694	12	22
19	5920	12.5	23
19	6156	13	24
19	6391	13.5	25
19	6617	14	26
19	6853	14.5	27
19	7088	15	28
19	7314	15.5	29
19	7550	16	30
19	7786	16.5	31
19	8009	17	32
19	8244	17.5	33
19	8476	18	34
19	8700	18.5	35
19	8930	19	36
19	9159	19.5	37
19	9379	20	38
19	9606	20.5	39
19	9830	21	40
19	10046	21.5	41
19	10271	22	42
19	10495	22.5	43
19	10711	23	44
19	10936	23.5	45
19	11160	24	46
19	11376	24.5	47
19	11601	25	48
19	11827	25.5	49
19	12040	26	50
19	12264	26.5	51
19	12485	27	52
19	12700	27.5	53
19	12920	28	54
19	13140	28.5	55
19	13352	29	56
19	13572	29.5	57
19	13792	30	58
19	14004	30.5	59
19	14224	31	60
19	14444	31.5	61
19	14656	32	62
19	14875	32.5	63
20	771	1.5	1
20	991	2	2
20	1231	2.5	3
20	1471	3	4
20	1701	3.5	5
20	1941	4	6
20	2181	4.5	7
20	2411	5	8
20	2651	5.5	9
20	2891	6	10
20	3123	6.5	11
20	3362	7	12
20	3600	7.5	13
20	3827	8	14
20	4066	8.5	15
20	4301	9	16
20	4527	9.5	17
20	4763	10	18
20	4998	10.5	19
20	5224	11	20
20	5460	11.5	21
20	5695	12	22
20	5921	12.5	23
20	6157	13	24
20	6392	13.5	25
20	6618	14	26
20	6854	14.5	27
20	7089	15	28
20	7315	15.5	29
20	7551	16	30
20	7787	16.5	31
20	8010	17	32
20	8245	17.5	33
20	8477	18	34
20	8701	18.5	35
20	8931	19	36
20	9160	19.5	37
20	9380	20	38
20	9607	20.5	39
20	9831	21	40
20	10047	21.5	41
20	10272	22	42
20	10496	22.5	43
20	10712	23	44
20	10937	23.5	45
20	11161	24	46
20	11377	24.5	47
20	11602	25	48
20	11828	25.5	49
20	12041	26	50
20	12265	26.5	51
20	12486	27	52
20	12701	27.5	53
20	12921	28	54
20	13141	28.5	55
20	13353	29	56
20	13573	29.5	57
20	13793	30	58
20	14005	30.5	59
20	14225	31	60
20	14445	31.5	61
20	14657	32	62
20	14876	32.5	63
20	15093	33	64
20	15303	33.5	65
20	15516	34	66
20	15732	34.5	67
20	15935	35	68
20	16147	35.5	69
20	16357	36	70
20	16557	36.5	71
20	16766	37	72
20	16975	37.5	73
20	17175	38	74
20	17384	38.5	75
20	17592	39	76
20	17794	39.5	77
20	17995	40	78
20	18198	40.5	79
20	18387	41	80
20	18589	41.5	81
20	18782	42	82
20	18968	42.5	83
20	19161	43	84
20	19353	43.5	85
20	19528	44	86
20	19706	44.5	87
20	19883	45	88
20	20053	45.5	89
20	20225	46	90
20	20398	46.5	91
20	20567	47	92
20	20740	47.5	93
20	20913	48	94
20	21080	48.5	95
20	21254	49	96
20	21430	49.5	97
20	21597	50	98
20	21769	50.5	99
20	21944	51	100
21	772	1.5	1
21	992	2	2
21	1232	2.5	3
21	1472	3	4
21	1702	3.5	5
21	1942	4	6
21	2182	4.5	7
21	2412	5	8
21	2652	5.5	9
21	2892	6	10
21	3124	6.5	11
21	3363	7	12
21	3601	7.5	13
21	3828	8	14
21	4067	8.5	15
21	4302	9	16
21	4528	9.5	17
21	4764	10	18
21	4999	10.5	19
21	5225	11	20
21	5461	11.5	21
21	5696	12	22
21	5922	12.5	23
21	6158	13	24
21	6393	13.5	25
21	6619	14	26
21	6855	14.5	27
21	7090	15	28
21	7316	15.5	29
21	7552	16	30
21	7788	16.5	31
21	8011	17	32
21	8246	17.5	33
21	8478	18	34
21	8702	18.5	35
21	8932	19	36
21	9161	19.5	37
21	9381	20	38
21	9608	20.5	39
21	9832	21	40
21	10048	21.5	41
21	10273	22	42
21	10497	22.5	43
21	10713	23	44
21	10938	23.5	45
21	11162	24	46
21	11378	24.5	47
21	11603	25	48
21	11829	25.5	49
21	12042	26	50
21	12266	26.5	51
21	12487	27	52
21	12702	27.5	53
21	12922	28	54
21	13142	28.5	55
21	13354	29	56
21	13574	29.5	57
21	13794	30	58
21	14006	30.5	59
21	14226	31	60
21	14446	31.5	61
21	14658	32	62
21	14877	32.5	63
21	15094	33	64
21	15304	33.5	65
21	15517	34	66
21	15733	34.5	67
21	15936	35	68
21	16148	35.5	69
21	16358	36	70
21	16558	36.5	71
21	16767	37	72
21	16976	37.5	73
21	17176	38	74
21	17385	38.5	75
21	17593	39	76
21	18622	41.6	77
21	18816	42.1	78
21	19008	42.6	79
21	19194	43.1	80
21	19384	43.6	81
21	19564	44.1	82
21	19738	44.6	83
21	19912	45.1	84
21	20085	45.6	85
21	20252	46.1	86
21	20426	46.6	87
21	20602	47.1	88
21	20769	47.6	89
21	20941	48.1	90
21	21116	48.6	91
21	21284	49.1	92
21	21456	49.6	93
21	21629	50.1	94
21	21798	50.6	95
21	21973	51.1	96
21	22117	51.6	97
21	22210	52.1	98
21	22306	52.6	99
21	22399	53.1	100
22	773	1.5	1
22	993	2	2
22	1233	2.5	3
22	1473	3	4
22	1703	3.5	5
22	1943	4	6
22	2183	4.5	7
22	2413	5	8
22	2653	5.5	9
22	2893	6	10
22	3125	6.5	11
22	3364	7	12
22	3602	7.5	13
22	3829	8	14
22	4068	8.5	15
22	4303	9	16
22	4529	9.5	17
22	4765	10	18
22	5000	10.5	19
22	5226	11	20
22	5462	11.5	21
22	5697	12	22
22	5923	12.5	23
22	6159	13	24
22	6394	13.5	25
22	6620	14	26
22	6856	14.5	27
22	7091	15	28
22	7317	15.5	29
22	7553	16	30
22	7789	16.5	31
22	8012	17	32
22	8247	17.5	33
22	8479	18	34
22	8703	18.5	35
22	8933	19	36
22	9162	19.5	37
22	9382	20	38
22	9609	20.5	39
22	9833	21	40
22	10049	21.5	41
22	10274	22	42
22	10498	22.5	43
22	10714	23	44
22	10939	23.5	45
22	11163	24	46
22	11379	24.5	47
22	11604	25	48
22	11830	25.5	49
22	12043	26	50
22	12267	26.5	51
22	12488	27	52
22	12703	27.5	53
22	12923	28	54
22	13143	28.5	55
22	13355	29	56
22	13575	29.5	57
22	13795	30	58
22	14007	30.5	59
22	14227	31	60
22	14447	31.5	61
22	14659	32	62
22	14878	32.5	63
22	15095	33	64
22	15305	33.5	65
22	15518	34	66
22	15734	34.5	67
22	15937	35	68
22	16149	35.5	69
22	16390	36.1	70
22	16633	36.7	71
22	16876	37.3	72
22	17119	37.9	73
22	17378	38.5	74
22	17625	39.1	75
22	17866	39.7	76
22	18102	40.3	77
22	18331	40.9	78
22	18583	41.5	79
22	18812	42.1	80
22	19038	42.7	81
22	19259	43.3	82
22	19474	43.9	83
22	19699	44.5	84
22	19908	45.1	85
22	20109	45.7	86
22	20313	46.3	87
22	20512	46.9	88
22	20733	47.5	89
22	20937	48.1	90
22	21141	48.7	91
22	21340	49.3	92
22	21544	49.9	93
22	21762	50.5	94
22	21969	51.1	95
22	22125	51.7	96
22	22239	52.3	97
22	22345	52.9	98
22	22461	53.5	99
22	22542	54.1	100
23	774	1.5	1
23	994	2	2
23	1234	2.5	3
23	1474	3	4
23	1704	3.5	5
23	1944	4	6
23	2184	4.5	7
23	2414	5	8
23	2654	5.5	9
23	2894	6	10
23	3126	6.5	11
23	3365	7	12
23	3603	7.5	13
23	3830	8	14
23	4069	8.5	15
23	4304	9	16
23	4530	9.5	17
23	4766	10	18
23	5001	10.5	19
23	5227	11	20
23	5463	11.5	21
23	5698	12	22
23	5924	12.5	23
23	6160	13	24
23	6395	13.5	25
23	6621	14	26
23	6857	14.5	27
23	7092	15	28
23	7318	15.5	29
23	7554	16	30
23	7790	16.5	31
23	8013	17	32
23	8248	17.5	33
23	8480	18	34
23	8704	18.5	35
23	8934	19	36
23	9163	19.5	37
23	9383	20	38
23	9610	20.5	39
23	9834	21	40
23	10050	21.5	41
23	10275	22	42
23	10499	22.5	43
23	10715	23	44
23	10940	23.5	45
23	11164	24	46
23	11380	24.5	47
23	11605	25	48
23	11831	25.5	49
23	12044	26	50
23	12268	26.5	51
23	12489	27	52
23	12704	27.5	53
23	12924	28	54
23	13144	28.5	55
23	13356	29	56
23	13576	29.5	57
23	13796	30	58
23	14008	30.5	59
23	14228	31	60
23	14448	31.5	61
23	14660	32	62
23	14879	32.5	63
23	15096	33	64
23	15306	33.5	65
23	15519	34	66
23	15735	34.5	67
23	15938	35	68
23	16150	35.5	69
23	16359	36	70
23	16559	36.5	71
23	16768	37	72
23	16977	37.5	73
23	17177	38	74
23	17386	38.5	75
23	17594	39	76
23	17795	39.5	77
23	17996	40	78
23	18199	40.5	79
23	18388	41	80
23	18590	41.5	81
23	18813	42.1	82
23	19039	42.7	83
23	19260	43.3	84
23	19475	43.9	85
23	19700	44.5	86
23	19909	45.1	87
23	20110	45.7	88
23	20314	46.3	89
23	20513	46.9	90
23	20734	47.5	91
23	20938	48.1	92
23	21142	48.7	93
23	21341	49.3	94
23	21545	49.9	95
23	21763	50.5	96
23	21970	51.1	97
23	22126	51.7	98
23	22240	52.3	99
23	22346	52.9	100
24	775	1.5	1
24	995	2	2
24	1235	2.5	3
24	1475	3	4
24	1705	3.5	5
24	1945	4	6
24	2185	4.5	7
24	2415	5	8
24	2655	5.5	9
24	2895	6	10
24	3127	6.5	11
24	3366	7	12
24	3604	7.5	13
24	3831	8	14
24	4070	8.5	15
24	4305	9	16
24	4531	9.5	17
24	4767	10	18
24	5002	10.5	19
24	5228	11	20
24	5464	11.5	21
24	5699	12	22
24	5925	12.5	23
24	6161	13	24
24	6396	13.5	25
24	6622	14	26
24	6858	14.5	27
24	7093	15	28
24	7319	15.5	29
24	7555	16	30
24	7791	16.5	31
24	8014	17	32
24	8249	17.5	33
24	8481	18	34
24	8705	18.5	35
24	8935	19	36
24	9164	19.5	37
24	9384	20	38
24	9611	20.5	39
24	9835	21	40
24	10051	21.5	41
24	10276	22	42
24	10500	22.5	43
24	10716	23	44
24	10941	23.5	45
24	11165	24	46
24	11381	24.5	47
24	11606	25	48
24	11832	25.5	49
24	12045	26	50
24	12269	26.5	51
24	12490	27	52
24	12705	27.5	53
24	12925	28	54
24	13145	28.5	55
24	13357	29	56
24	13577	29.5	57
24	13797	30	58
24	14009	30.5	59
24	14229	31	60
24	14449	31.5	61
24	14661	32	62
24	14880	32.5	63
24	15097	33	64
24	15307	33.5	65
24	15520	34	66
24	15736	34.5	67
24	15939	35	68
24	16151	35.5	69
24	16360	36	70
24	16560	36.5	71
24	16769	37	72
24	16978	37.5	73
24	17178	38	74
24	17387	38.5	75
24	17595	39	76
24	17796	39.5	77
24	17997	40	78
24	18200	40.5	79
24	18389	41	80
24	18591	41.5	81
24	18783	42	82
24	18969	42.5	83
24	19162	43	84
24	19354	43.5	85
24	19561	44.1	86
24	19771	44.7	87
24	19970	45.3	88
24	20174	45.9	89
24	20392	46.5	90
24	20599	47.1	91
24	20798	47.7	92
24	21002	48.3	93
24	21203	48.9	94
24	21424	49.5	95
24	21626	50.1	96
24	21830	50.7	97
24	22032	51.3	98
24	22162	51.9	99
24	22287	52.5	100
25	776	1.5	1
25	996	2	2
25	1236	2.5	3
25	1476	3	4
25	1706	3.5	5
25	1946	4	6
25	2186	4.5	7
25	2416	5	8
25	2656	5.5	9
25	2896	6	10
25	3128	6.5	11
25	3367	7	12
25	3605	7.5	13
25	3832	8	14
25	4071	8.5	15
25	4306	9	16
25	4532	9.5	17
25	4768	10	18
25	5003	10.5	19
25	5229	11	20
25	5465	11.5	21
25	5700	12	22
25	5926	12.5	23
25	6162	13	24
25	6397	13.5	25
25	6623	14	26
25	6859	14.5	27
25	7094	15	28
25	7320	15.5	29
25	7556	16	30
25	7792	16.5	31
25	8015	17	32
25	8250	17.5	33
25	8482	18	34
25	8706	18.5	35
25	8936	19	36
25	9165	19.5	37
25	9385	20	38
25	9612	20.5	39
25	9836	21	40
25	10052	21.5	41
25	10277	22	42
25	10501	22.5	43
25	10717	23	44
25	10942	23.5	45
25	11166	24	46
25	11382	24.5	47
25	11607	25	48
25	11833	25.5	49
25	12046	26	50
25	12270	26.5	51
25	12491	27	52
25	12706	27.5	53
25	12926	28	54
25	13146	28.5	55
25	13358	29	56
25	13578	29.5	57
25	13798	30	58
25	14010	30.5	59
25	14230	31	60
25	14450	31.5	61
25	14662	32	62
25	14881	32.5	63
25	15098	33	64
25	15308	33.5	65
25	15521	34	66
25	15737	34.5	67
25	15940	35	68
25	16152	35.5	69
25	16361	36	70
25	16561	36.5	71
25	16770	37	72
25	16979	37.5	73
25	17179	38	74
25	17388	38.5	75
25	17596	39	76
25	17797	39.5	77
25	17998	40	78
25	18201	40.5	79
25	18390	41	80
25	18592	41.5	81
25	18784	42	82
25	18970	42.5	83
25	19163	43	84
25	19355	43.5	85
25	19529	44	86
25	19707	44.5	87
25	19884	45	88
25	20054	45.5	89
25	20226	46	90
25	20399	46.5	91
25	20568	47	92
25	20741	47.5	93
25	20914	48	94
25	21081	48.5	95
25	21255	49	96
25	21431	49.5	97
25	21598	50	98
25	21770	50.5	99
25	21945	51	100
26	777	1.5	1
26	997	2	2
26	1237	2.5	3
26	1477	3	4
26	1707	3.5	5
26	1947	4	6
26	2187	4.5	7
26	2417	5	8
26	2657	5.5	9
26	2897	6	10
26	3129	6.5	11
26	3368	7	12
26	3606	7.5	13
26	3833	8	14
26	4072	8.5	15
26	4307	9	16
26	4533	9.5	17
26	4769	10	18
26	5004	10.5	19
26	5230	11	20
26	5466	11.5	21
26	5701	12	22
26	5927	12.5	23
26	6163	13	24
26	6398	13.5	25
26	6624	14	26
26	6860	14.5	27
26	7095	15	28
26	7321	15.5	29
26	7557	16	30
26	7793	16.5	31
26	8016	17	32
26	8251	17.5	33
26	8483	18	34
26	8707	18.5	35
26	8937	19	36
26	9166	19.5	37
26	9386	20	38
26	9613	20.5	39
26	9837	21	40
26	10053	21.5	41
26	10278	22	42
26	10502	22.5	43
26	10718	23	44
26	10943	23.5	45
26	11167	24	46
26	11383	24.5	47
26	11608	25	48
26	11834	25.5	49
26	12047	26	50
26	12271	26.5	51
26	12492	27	52
26	12707	27.5	53
26	12927	28	54
26	13147	28.5	55
26	13359	29	56
26	13579	29.5	57
26	13799	30	58
26	14011	30.5	59
26	14231	31	60
26	14451	31.5	61
26	14663	32	62
26	14882	32.5	63
26	15099	33	64
26	15309	33.5	65
26	15522	34	66
26	15738	34.5	67
26	15941	35	68
26	16153	35.5	69
26	16362	36	70
26	16562	36.5	71
26	16771	37	72
26	16980	37.5	73
26	17180	38	74
26	17389	38.5	75
26	17597	39	76
26	17798	39.5	77
26	17999	40	78
26	18202	40.5	79
26	18391	41	80
26	18593	41.5	81
27	778	1.5	1
27	998	2	2
27	1238	2.5	3
27	1478	3	4
27	1708	3.5	5
27	1948	4	6
27	2188	4.5	7
27	2418	5	8
27	2658	5.5	9
27	2898	6	10
27	3130	6.5	11
27	3369	7	12
27	3607	7.5	13
27	3834	8	14
27	4073	8.5	15
27	4308	9	16
27	4534	9.5	17
27	4770	10	18
27	5005	10.5	19
27	5231	11	20
27	5467	11.5	21
27	5702	12	22
27	5928	12.5	23
27	6164	13	24
27	6399	13.5	25
27	6625	14	26
27	6861	14.5	27
27	7096	15	28
27	7322	15.5	29
27	7558	16	30
27	7794	16.5	31
27	8017	17	32
27	8252	17.5	33
27	8484	18	34
27	8708	18.5	35
27	8938	19	36
27	9167	19.5	37
27	9387	20	38
27	9614	20.5	39
27	9838	21	40
27	10054	21.5	41
27	10279	22	42
27	10503	22.5	43
27	10719	23	44
27	10944	23.5	45
27	11168	24	46
27	11384	24.5	47
27	11609	25	48
27	11835	25.5	49
27	12048	26	50
27	12272	26.5	51
27	12493	27	52
27	12708	27.5	53
27	12928	28	54
27	13148	28.5	55
27	13360	29	56
27	13580	29.5	57
27	13800	30	58
27	14012	30.5	59
27	14232	31	60
27	14452	31.5	61
27	14664	32	62
27	14883	32.5	63
27	15100	33	64
27	15310	33.5	65
27	15523	34	66
27	15739	34.5	67
27	15942	35	68
27	16154	35.5	69
27	16363	36	70
27	16563	36.5	71
27	16772	37	72
27	16981	37.5	73
27	17181	38	74
27	17390	38.5	75
27	17598	39	76
27	17799	39.5	77
27	18000	40	78
27	18203	40.5	79
27	18392	41	80
27	18594	41.5	81
27	18786	42	82
27	18971	42.5	83
27	19164	43	84
27	19356	43.5	85
27	19530	44	86
27	19708	44.5	87
27	19885	45	88
27	20055	45.5	89
27	20227	46	90
27	20400	46.5	91
27	20569	47	92
27	20742	47.5	93
27	20915	48	94
27	21082	48.5	95
27	21256	49	96
27	21432	49.5	97
27	21599	50	98
27	21771	50.5	99
27	21946	51	100
28	779	1.5	1
28	999	2	2
28	1239	2.5	3
28	1479	3	4
28	1709	3.5	5
28	1949	4	6
28	2189	4.5	7
28	2419	5	8
28	2659	5.5	9
28	2899	6	10
28	4104	8.6	11
28	4340	9.1	12
28	4575	9.6	13
28	4801	10.1	14
28	5037	10.6	15
28	5272	11.1	16
28	5498	11.6	17
28	5734	12.1	18
28	5969	12.6	19
28	6195	13.1	20
28	6431	13.6	21
28	6666	14.1	22
28	6892	14.6	23
28	7128	15.1	24
28	7363	15.6	25
28	7589	16.1	26
28	7824	16.6	27
28	8058	17.1	28
28	8283	17.6	29
28	8515	18.1	30
28	8748	18.6	31
28	8970	19.1	32
28	9199	19.6	33
28	9427	20.1	34
28	9644	20.6	35
28	9869	21.1	36
28	10093	21.6	37
28	10309	22.1	38
28	10534	22.6	39
28	10758	23.1	40
28	10974	23.6	41
28	11199	24.1	42
28	11423	24.6	43
28	11639	25.1	44
28	11863	25.6	45
28	12086	26.1	46
28	12301	26.6	47
28	12522	27.1	48
28	12744	27.6	49
28	12956	28.1	50
28	13176	28.6	51
28	13396	29.1	52
28	13608	29.6	53
28	13828	30.1	54
28	14048	30.6	55
28	14260	31.1	56
28	14480	31.6	57
28	14701	32.1	58
28	14912	32.6	59
28	15131	33.1	60
28	15347	33.6	61
28	15553	34.1	62
28	15767	34.6	63
28	15978	35.1	64
28	16182	35.6	65
28	16391	36.1	66
28	16600	36.6	67
28	16800	37.1	68
28	17009	37.6	69
28	17219	38.1	70
28	17418	38.6	71
28	17626	39.1	72
28	17834	39.6	73
28	18028	40.1	74
28	18228	40.6	75
28	18427	41.1	76
28	18620	41.6	77
28	18814	42.1	78
28	19006	42.6	79
28	19192	43.1	80
28	19382	43.6	81
28	19562	44.1	82
28	19736	44.6	83
28	19910	45.1	84
28	20083	45.6	85
28	20250	46.1	86
28	20424	46.6	87
28	20600	47.1	88
28	20767	47.6	89
28	20939	48.1	90
28	21114	48.6	91
28	21282	49.1	92
28	21454	49.6	93
28	21627	50.1	94
28	21796	50.6	95
28	21971	51.1	96
28	22115	51.6	97
28	22208	52.1	98
28	22304	52.6	99
28	22397	53.1	100
29	780	1.5	1
29	1000	2	2
29	1240	2.5	3
29	1480	3	4
29	1710	3.5	5
29	1950	4	6
29	2190	4.5	7
29	2420	5	8
29	2660	5.5	9
29	2900	6	10
29	3131	6.5	11
29	3370	7	12
29	3608	7.5	13
29	3835	8	14
29	4074	8.5	15
29	4309	9	16
29	4535	9.5	17
29	4771	10	18
29	5006	10.5	19
29	5232	11	20
29	5468	11.5	21
29	5703	12	22
29	5929	12.5	23
29	6165	13	24
29	6400	13.5	25
29	6626	14	26
29	6862	14.5	27
29	7097	15	28
29	7323	15.5	29
29	7559	16	30
29	7795	16.5	31
29	8018	17	32
29	8253	17.5	33
29	8485	18	34
29	8709	18.5	35
29	8939	19	36
29	9168	19.5	37
29	9388	20	38
29	9615	20.5	39
29	9839	21	40
29	10055	21.5	41
29	10280	22	42
29	10504	22.5	43
29	10720	23	44
29	10945	23.5	45
29	11169	24	46
29	11385	24.5	47
29	11610	25	48
29	12745	27.6	49
29	12957	28.1	50
29	13177	28.6	51
29	13397	29.1	52
29	13609	29.6	53
29	13829	30.1	54
29	14049	30.6	55
29	14261	31.1	56
29	14481	31.6	57
29	14702	32.1	58
29	14913	32.6	59
29	15132	33.1	60
29	15348	33.6	61
29	15554	34.1	62
29	15768	34.6	63
29	15979	35.1	64
29	16183	35.6	65
29	16392	36.1	66
29	16601	36.6	67
29	16801	37.1	68
29	17010	37.6	69
29	17220	38.1	70
29	17419	38.6	71
29	17627	39.1	72
29	17835	39.6	73
29	18029	40.1	74
29	18229	40.6	75
29	18428	41.1	76
29	18621	41.6	77
29	18815	42.1	78
29	19007	42.6	79
29	19193	43.1	80
29	19383	43.6	81
29	19563	44.1	82
29	19737	44.6	83
29	19911	45.1	84
29	20084	45.6	85
29	20251	46.1	86
29	20425	46.6	87
29	20601	47.1	88
29	20768	47.6	89
29	20940	48.1	90
29	21115	48.6	91
29	21283	49.1	92
29	21455	49.6	93
29	21628	50.1	94
29	21797	50.6	95
29	21972	51.1	96
29	22116	51.6	97
29	22209	52.1	98
29	22305	52.6	99
29	22398	53.1	100
30	781	1.5	1
30	1001	2	2
30	1241	2.5	3
30	1481	3	4
30	1711	3.5	5
30	1951	4	6
30	2191	4.5	7
30	2421	5	8
30	2661	5.5	9
30	2901	6	10
30	3132	6.5	11
30	3371	7	12
30	3609	7.5	13
30	3836	8	14
30	4075	8.5	15
30	4310	9	16
30	4536	9.5	17
30	4772	10	18
30	5007	10.5	19
30	5233	11	20
30	5469	11.5	21
30	5704	12	22
30	5930	12.5	23
30	6166	13	24
30	6401	13.5	25
30	6627	14	26
30	6863	14.5	27
30	7098	15	28
30	7324	15.5	29
30	7560	16	30
30	7796	16.5	31
30	8019	17	32
30	8254	17.5	33
30	8486	18	34
30	8710	18.5	35
30	8940	19	36
30	9169	19.5	37
30	9389	20	38
30	9616	20.5	39
30	9840	21	40
30	10056	21.5	41
30	10281	22	42
30	10505	22.5	43
30	10721	23	44
30	10946	23.5	45
30	11170	24	46
30	11386	24.5	47
30	11611	25	48
30	11836	25.5	49
30	12049	26	50
30	12273	26.5	51
30	12494	27	52
30	12709	27.5	53
30	12929	28	54
30	13149	28.5	55
30	13361	29	56
30	13581	29.5	57
30	13801	30	58
30	14013	30.5	59
30	14233	31	60
30	14453	31.5	61
30	14665	32	62
30	14884	32.5	63
30	15101	33	64
30	16224	35.7	65
30	16467	36.3	66
30	16710	36.9	67
30	16969	37.5	68
30	17218	38.1	69
30	17460	38.7	70
30	17703	39.3	71
30	17940	39.9	72
30	18192	40.5	73
30	18426	41.1	74
30	18658	41.7	75
30	18886	42.3	76
30	19107	42.9	77
30	19347	43.5	78
30	19560	44.1	79
30	19770	44.7	80
30	19969	45.3	81
30	20173	45.9	82
30	20391	46.5	83
30	20598	47.1	84
30	20797	47.7	85
30	21001	48.3	86
30	21202	48.9	87
30	21423	49.5	88
30	21625	50.1	89
30	21829	50.7	90
30	22031	51.3	91
30	22161	51.9	92
30	22286	52.5	93
30	22396	53.1	94
30	22487	53.7	95
30	22568	54.3	96
30	22641	54.9	97
30	22728	55.5	98
30	22806	56.1	99
30	22882	56.7	100
31	782	1.5	1
31	1002	2	2
31	1242	2.5	3
31	1482	3	4
31	1712	3.5	5
31	1952	4	6
31	2192	4.5	7
31	2422	5	8
31	2662	5.5	9
31	2902	6	10
31	3133	6.5	11
31	3372	7	12
31	3610	7.5	13
31	3837	8	14
31	4076	8.5	15
31	4311	9	16
31	4537	9.5	17
31	4773	10	18
31	5008	10.5	19
31	5234	11	20
31	5470	11.5	21
31	5705	12	22
31	5931	12.5	23
31	6167	13	24
31	6402	13.5	25
31	6628	14	26
31	6864	14.5	27
31	7099	15	28
31	7325	15.5	29
31	7561	16	30
31	7797	16.5	31
31	8020	17	32
31	8255	17.5	33
31	8487	18	34
31	8711	18.5	35
31	8941	19	36
31	9170	19.5	37
31	9390	20	38
31	9617	20.5	39
31	9841	21	40
31	10057	21.5	41
31	10282	22	42
31	10506	22.5	43
31	10722	23	44
31	10947	23.5	45
31	11171	24	46
31	11387	24.5	47
31	11612	25	48
31	11837	25.5	49
31	12050	26	50
31	12274	26.5	51
31	12495	27	52
31	12710	27.5	53
31	12930	28	54
31	13150	28.5	55
31	13362	29	56
31	13582	29.5	57
31	13802	30	58
31	14014	30.5	59
31	14234	31	60
31	14454	31.5	61
31	14666	32	62
31	14885	32.5	63
31	15102	33	64
31	15311	33.5	65
31	15524	34	66
31	15740	34.5	67
31	15943	35	68
31	16155	35.5	69
31	16364	36	70
31	16564	36.5	71
31	16773	37	72
31	16982	37.5	73
31	17182	38	74
31	17391	38.5	75
31	17599	39	76
31	17800	39.5	77
31	18001	40	78
31	18204	40.5	79
31	18393	41	80
31	18595	41.5	81
31	18787	42	82
31	18972	42.5	83
31	19165	43	84
31	19357	43.5	85
31	19531	44	86
31	19709	44.5	87
31	19886	45	88
31	20056	45.5	89
31	20228	46	90
31	20401	46.5	91
31	20570	47	92
31	20743	47.5	93
31	20916	48	94
31	21083	48.5	95
31	21257	49	96
31	21433	49.5	97
31	21600	50	98
31	21772	50.5	99
31	21947	51	100
32	783	1.5	1
32	1003	2	2
32	1243	2.5	3
32	1483	3	4
32	1713	3.5	5
32	1953	4	6
32	2193	4.5	7
32	2423	5	8
32	2663	5.5	9
32	2903	6	10
32	3134	6.5	11
32	3373	7	12
32	3611	7.5	13
32	3838	8	14
32	4077	8.5	15
32	4312	9	16
32	4538	9.5	17
32	4774	10	18
32	5009	10.5	19
32	5235	11	20
32	5471	11.5	21
32	5706	12	22
32	5932	12.5	23
32	6168	13	24
32	6403	13.5	25
32	6629	14	26
32	6865	14.5	27
32	7100	15	28
32	7326	15.5	29
32	7562	16	30
32	7798	16.5	31
32	8021	17	32
32	8256	17.5	33
32	8488	18	34
32	8712	18.5	35
32	8942	19	36
32	9171	19.5	37
32	9391	20	38
32	9618	20.5	39
32	9842	21	40
32	10058	21.5	41
32	10283	22	42
32	10507	22.5	43
32	10723	23	44
32	10948	23.5	45
32	11172	24	46
32	11388	24.5	47
32	11613	25	48
32	11838	25.5	49
32	12051	26	50
32	12275	26.5	51
32	12496	27	52
32	12711	27.5	53
32	12931	28	54
32	13151	28.5	55
32	13363	29	56
32	13583	29.5	57
32	13803	30	58
32	14015	30.5	59
32	14235	31	60
32	14455	31.5	61
32	14667	32	62
32	14886	32.5	63
32	15103	33	64
32	15312	33.5	65
32	15525	34	66
32	15741	34.5	67
32	15944	35	68
32	16156	35.5	69
32	16365	36	70
32	16565	36.5	71
32	16774	37	72
32	16983	37.5	73
32	17183	38	74
32	17392	38.5	75
32	17600	39	76
32	17801	39.5	77
32	18002	40	78
32	18205	40.5	79
32	18394	41	80
32	18596	41.5	81
32	18788	42	82
32	18973	42.5	83
32	19166	43	84
32	19358	43.5	85
32	19532	44	86
32	19710	44.5	87
32	19887	45	88
32	20057	45.5	89
32	20229	46	90
32	20402	46.5	91
32	20571	47	92
32	20744	47.5	93
32	20917	48	94
32	21084	48.5	95
32	21258	49	96
32	21434	49.5	97
32	21601	50	98
32	21773	50.5	99
32	21948	51	100
33	784	1.5	1
33	1004	2	2
33	1244	2.5	3
33	1484	3	4
33	1714	3.5	5
33	1954	4	6
33	2194	4.5	7
33	2424	5	8
33	2664	5.5	9
33	2904	6	10
33	3135	6.5	11
33	3374	7	12
33	3612	7.5	13
33	3839	8	14
33	4078	8.5	15
33	4313	9	16
33	4539	9.5	17
33	4775	10	18
33	5010	10.5	19
33	5236	11	20
33	5472	11.5	21
33	5707	12	22
33	5933	12.5	23
33	6169	13	24
33	6404	13.5	25
33	6630	14	26
33	6866	14.5	27
33	7101	15	28
33	7327	15.5	29
33	7563	16	30
33	7799	16.5	31
33	8022	17	32
33	8257	17.5	33
33	8489	18	34
33	8713	18.5	35
34	785	1.5	1
34	1005	2	2
34	1245	2.5	3
34	1485	3	4
34	1715	3.5	5
34	1955	4	6
34	2195	4.5	7
34	2425	5	8
34	2665	5.5	9
34	2905	6	10
34	3136	6.5	11
34	3375	7	12
34	3613	7.5	13
34	3840	8	14
34	4079	8.5	15
34	4314	9	16
34	4540	9.5	17
34	4776	10	18
34	5011	10.5	19
34	5237	11	20
34	5473	11.5	21
34	5708	12	22
34	5934	12.5	23
34	6170	13	24
34	6405	13.5	25
34	6631	14	26
34	6867	14.5	27
34	7102	15	28
34	7328	15.5	29
34	7564	16	30
34	7800	16.5	31
34	8023	17	32
34	8258	17.5	33
34	8490	18	34
34	8714	18.5	35
34	8944	19	36
34	9172	19.5	37
34	9392	20	38
34	9619	20.5	39
34	9843	21	40
34	10059	21.5	41
34	10284	22	42
34	10508	22.5	43
34	10724	23	44
34	10949	23.5	45
34	11173	24	46
34	11389	24.5	47
34	11614	25	48
34	11839	25.5	49
34	12052	26	50
34	12276	26.5	51
34	12497	27	52
34	12712	27.5	53
34	12932	28	54
34	13152	28.5	55
34	13364	29	56
34	13584	29.5	57
34	13804	30	58
34	14016	30.5	59
34	14236	31	60
34	14456	31.5	61
34	14668	32	62
34	14887	32.5	63
34	15104	33	64
34	15313	33.5	65
34	15526	34	66
34	15742	34.5	67
34	15945	35	68
34	16157	35.5	69
34	16366	36	70
34	16566	36.5	71
34	16775	37	72
34	16984	37.5	73
34	17184	38	74
34	17393	38.5	75
34	17601	39	76
34	17802	39.5	77
34	18003	40	78
34	18206	40.5	79
34	18395	41	80
34	18597	41.5	81
34	18789	42	82
34	18974	42.5	83
34	19167	43	84
34	19359	43.5	85
34	19533	44	86
34	19711	44.5	87
34	19888	45	88
34	20058	45.5	89
34	20230	46	90
34	20403	46.5	91
34	20572	47	92
34	20745	47.5	93
34	20918	48	94
34	21085	48.5	95
34	21259	49	96
34	21435	49.5	97
34	21602	50	98
34	21774	50.5	99
34	21949	51	100
35	786	1.5	1
35	1006	2	2
35	1246	2.5	3
35	1486	3	4
35	1716	3.5	5
35	1956	4	6
35	2196	4.5	7
35	2426	5	8
35	2666	5.5	9
35	2906	6	10
35	3137	6.5	11
35	3376	7	12
35	3614	7.5	13
35	3841	8	14
35	4080	8.5	15
35	4315	9	16
35	4541	9.5	17
35	4777	10	18
35	5012	10.5	19
35	5238	11	20
35	5474	11.5	21
35	5709	12	22
35	5935	12.5	23
35	6171	13	24
35	6406	13.5	25
35	6632	14	26
35	6868	14.5	27
35	7103	15	28
35	7329	15.5	29
35	7565	16	30
35	7801	16.5	31
35	8024	17	32
35	8259	17.5	33
35	8491	18	34
35	8715	18.5	35
35	8945	19	36
35	9173	19.5	37
35	9393	20	38
35	9620	20.5	39
35	9844	21	40
35	10060	21.5	41
35	10285	22	42
35	10509	22.5	43
35	10725	23	44
35	10950	23.5	45
35	11174	24	46
35	11390	24.5	47
35	11615	25	48
35	11840	25.5	49
35	12053	26	50
35	12277	26.5	51
35	12498	27	52
35	12713	27.5	53
35	12933	28	54
35	13153	28.5	55
35	13365	29	56
35	13585	29.5	57
35	13805	30	58
35	14017	30.5	59
35	14237	31	60
35	14457	31.5	61
35	14669	32	62
35	14888	32.5	63
35	15105	33	64
35	15314	33.5	65
35	15527	34	66
35	15743	34.5	67
35	15946	35	68
35	16158	35.5	69
35	16367	36	70
35	16567	36.5	71
35	16776	37	72
35	16985	37.5	73
35	17185	38	74
35	17394	38.5	75
35	17602	39	76
35	17803	39.5	77
35	18004	40	78
35	18207	40.5	79
35	18396	41	80
35	18598	41.5	81
35	18790	42	82
35	18975	42.5	83
35	19168	43	84
35	19360	43.5	85
35	19534	44	86
35	19712	44.5	87
35	19889	45	88
35	20059	45.5	89
35	20231	46	90
35	20404	46.5	91
35	20573	47	92
35	20746	47.5	93
35	20919	48	94
35	21086	48.5	95
35	21260	49	96
35	21436	49.5	97
35	21603	50	98
35	21775	50.5	99
35	21950	51	100
36	787	1.5	1
36	1007	2	2
36	1247	2.5	3
36	1487	3	4
36	1717	3.5	5
36	1957	4	6
36	2197	4.5	7
36	2427	5	8
36	2667	5.5	9
36	2907	6	10
36	3138	6.5	11
36	3377	7	12
36	3615	7.5	13
36	3842	8	14
36	4081	8.5	15
36	4316	9	16
36	4542	9.5	17
36	4778	10	18
36	5013	10.5	19
36	5239	11	20
36	5475	11.5	21
36	5710	12	22
36	5936	12.5	23
36	6172	13	24
36	6407	13.5	25
36	6633	14	26
36	6869	14.5	27
36	7104	15	28
36	7330	15.5	29
36	7566	16	30
36	7802	16.5	31
36	8025	17	32
36	8260	17.5	33
36	8492	18	34
36	8716	18.5	35
36	8946	19	36
36	9174	19.5	37
36	9394	20	38
36	9621	20.5	39
36	9845	21	40
36	10061	21.5	41
36	10286	22	42
36	10510	22.5	43
36	10726	23	44
36	10951	23.5	45
36	11175	24	46
36	11391	24.5	47
36	11616	25	48
36	11841	25.5	49
36	12054	26	50
36	12278	26.5	51
36	12499	27	52
36	12714	27.5	53
36	12934	28	54
36	13154	28.5	55
36	13366	29	56
36	13586	29.5	57
36	13806	30	58
36	14018	30.5	59
36	14238	31	60
36	14458	31.5	61
36	14670	32	62
36	14889	32.5	63
36	15106	33	64
36	15315	33.5	65
36	15528	34	66
36	15744	34.5	67
36	15947	35	68
36	16159	35.5	69
36	16368	36	70
36	16568	36.5	71
36	16777	37	72
36	16986	37.5	73
36	17186	38	74
36	17395	38.5	75
36	17603	39	76
36	17804	39.5	77
36	18005	40	78
36	18208	40.5	79
36	18397	41	80
36	18599	41.5	81
36	18791	42	82
36	18976	42.5	83
36	19169	43	84
36	19361	43.5	85
36	19535	44	86
36	19713	44.5	87
36	19890	45	88
36	20060	45.5	89
36	20232	46	90
36	20405	46.5	91
36	20574	47	92
36	20747	47.5	93
36	20920	48	94
36	21087	48.5	95
36	21261	49	96
36	21437	49.5	97
36	21604	50	98
36	21776	50.5	99
36	21951	51	100
37	788	1.5	1
37	1008	2	2
37	1248	2.5	3
37	1488	3	4
37	1718	3.5	5
37	1958	4	6
37	2198	4.5	7
37	2428	5	8
37	2668	5.5	9
37	2908	6	10
37	3139	6.5	11
37	3378	7	12
37	3616	7.5	13
37	3843	8	14
37	4082	8.5	15
37	4317	9	16
37	4543	9.5	17
37	4779	10	18
37	5014	10.5	19
37	5240	11	20
37	5476	11.5	21
37	5711	12	22
37	5937	12.5	23
37	6173	13	24
37	6408	13.5	25
37	6634	14	26
37	6870	14.5	27
37	7105	15	28
37	7331	15.5	29
37	7567	16	30
37	7803	16.5	31
37	8026	17	32
37	8261	17.5	33
37	8493	18	34
37	8717	18.5	35
37	8947	19	36
37	9175	19.5	37
37	9395	20	38
37	9622	20.5	39
37	9846	21	40
37	10062	21.5	41
37	10287	22	42
37	10511	22.5	43
37	10727	23	44
37	10952	23.5	45
37	11176	24	46
37	11392	24.5	47
37	11617	25	48
37	11842	25.5	49
37	12055	26	50
37	12279	26.5	51
37	12500	27	52
37	12715	27.5	53
37	12935	28	54
37	13155	28.5	55
37	13367	29	56
37	13587	29.5	57
37	13807	30	58
37	14019	30.5	59
37	14239	31	60
37	14459	31.5	61
37	14671	32	62
37	14890	32.5	63
37	15107	33	64
37	15316	33.5	65
37	15529	34	66
37	15745	34.5	67
37	15948	35	68
37	16160	35.5	69
37	16369	36	70
37	16569	36.5	71
37	16778	37	72
37	16987	37.5	73
37	17187	38	74
37	17396	38.5	75
37	17604	39	76
37	17805	39.5	77
37	18006	40	78
37	18209	40.5	79
37	18398	41	80
37	18600	41.5	81
37	18792	42	82
37	18977	42.5	83
37	19170	43	84
37	19362	43.5	85
37	19536	44	86
37	19714	44.5	87
37	19891	45	88
37	20061	45.5	89
37	20233	46	90
37	20406	46.5	91
37	20575	47	92
37	20748	47.5	93
37	20921	48	94
37	21088	48.5	95
37	21262	49	96
37	21438	49.5	97
37	21605	50	98
37	21777	50.5	99
37	21952	51	100
38	789	1.5	1
38	1009	2	2
38	1249	2.5	3
38	1489	3	4
38	1719	3.5	5
38	1959	4	6
38	2199	4.5	7
38	2429	5	8
38	2669	5.5	9
38	2909	6	10
38	3140	6.5	11
38	3379	7	12
38	3617	7.5	13
38	3844	8	14
38	4083	8.5	15
38	4318	9	16
38	4544	9.5	17
38	4780	10	18
38	5015	10.5	19
38	5241	11	20
38	5477	11.5	21
38	5712	12	22
38	5938	12.5	23
38	6174	13	24
38	6409	13.5	25
38	6635	14	26
38	6871	14.5	27
38	7106	15	28
38	7332	15.5	29
38	7568	16	30
38	7804	16.5	31
38	8027	17	32
38	8262	17.5	33
38	8494	18	34
38	8718	18.5	35
38	8948	19	36
38	9176	19.5	37
38	9396	20	38
38	9623	20.5	39
38	9847	21	40
38	10063	21.5	41
38	10288	22	42
38	10512	22.5	43
38	10728	23	44
38	10953	23.5	45
38	11177	24	46
38	11393	24.5	47
38	11618	25	48
38	11843	25.5	49
38	12056	26	50
38	12280	26.5	51
38	12501	27	52
38	12716	27.5	53
38	12936	28	54
38	13156	28.5	55
38	13368	29	56
38	13588	29.5	57
38	13808	30	58
38	14020	30.5	59
38	14240	31	60
38	14460	31.5	61
38	14672	32	62
38	14891	32.5	63
38	15108	33	64
38	15317	33.5	65
38	15530	34	66
38	15746	34.5	67
38	15949	35	68
38	16161	35.5	69
38	16370	36	70
38	16570	36.5	71
38	16779	37	72
38	16988	37.5	73
39	790	1.5	1
39	1010	2	2
39	1250	2.5	3
39	1490	3	4
39	1720	3.5	5
39	1960	4	6
39	2200	4.5	7
39	2430	5	8
39	2670	5.5	9
39	2910	6	10
39	3141	6.5	11
39	3380	7	12
39	3618	7.5	13
39	3845	8	14
39	4084	8.5	15
39	4319	9	16
39	4545	9.5	17
39	4781	10	18
39	5016	10.5	19
39	5242	11	20
39	5478	11.5	21
39	5713	12	22
39	5939	12.5	23
39	6175	13	24
39	6410	13.5	25
39	6636	14	26
39	6872	14.5	27
39	7107	15	28
39	7333	15.5	29
39	7569	16	30
39	7805	16.5	31
39	8028	17	32
39	8263	17.5	33
39	8495	18	34
39	8719	18.5	35
39	8949	19	36
39	9177	19.5	37
39	9397	20	38
39	9624	20.5	39
39	9848	21	40
39	10064	21.5	41
39	10289	22	42
39	10513	22.5	43
39	10729	23	44
39	10954	23.5	45
39	11178	24	46
39	11394	24.5	47
39	11619	25	48
39	11844	25.5	49
39	12057	26	50
39	12281	26.5	51
39	12502	27	52
39	12717	27.5	53
39	12937	28	54
39	13157	28.5	55
39	13369	29	56
39	13589	29.5	57
39	13809	30	58
39	14021	30.5	59
39	14241	31	60
39	14461	31.5	61
39	14673	32	62
39	14892	32.5	63
39	15109	33	64
39	15318	33.5	65
39	15531	34	66
39	15747	34.5	67
39	15950	35	68
39	16162	35.5	69
39	16371	36	70
39	16571	36.5	71
39	16780	37	72
39	16989	37.5	73
39	17189	38	74
39	17397	38.5	75
39	17605	39	76
39	17806	39.5	77
39	18007	40	78
39	18210	40.5	79
39	18399	41	80
39	18601	41.5	81
39	18793	42	82
39	18978	42.5	83
39	19171	43	84
39	19363	43.5	85
39	19537	44	86
39	19715	44.5	87
39	19892	45	88
39	20062	45.5	89
39	20234	46	90
39	20407	46.5	91
39	20576	47	92
39	20749	47.5	93
39	20922	48	94
39	21089	48.5	95
39	21263	49	96
39	21439	49.5	97
39	21606	50	98
39	21778	50.5	99
39	21953	51	100
40	791	1.6	1
40	1071	2.2	2
40	1351	2.8	3
40	1631	3.4	4
40	1921	4	5
40	2211	4.6	6
40	2491	5.2	7
40	2771	5.8	8
40	3053	6.4	9
40	3342	7	10
40	3630	7.6	11
40	3906	8.2	12
40	4183	8.8	13
40	4458	9.4	14
40	4743	10	15
40	5027	10.6	16
40	5302	11.2	17
40	5577	11.8	18
40	5852	12.4	19
40	6137	13	20
40	6421	13.6	21
40	6696	14.2	22
40	6971	14.8	23
40	7246	15.4	24
40	7531	16	25
40	7815	16.6	26
40	8089	17.2	27
40	8361	17.8	28
40	8634	18.4	29
40	8914	19	30
40	9190	19.6	31
40	9457	20.2	32
40	9719	20.8	33
40	9981	21.4	34
40	10255	22	35
40	10525	22.6	36
40	10787	23.2	37
40	11049	23.8	38
40	11311	24.4	39
40	11585	25	40
40	11855	25.6	41
40	12116	26.2	42
40	12375	26.8	43
40	12635	27.4	44
40	12905	28	45
40	13168	28.6	46
40	13425	29.2	47
40	13682	29.8	48
40	13939	30.4	49
40	14209	31	50
40	14472	31.6	51
40	14730	32.2	52
40	14984	32.8	53
40	15240	33.4	54
40	15503	34	55
40	15759	34.6	56
40	16005	35.2	57
40	16251	35.8	58
40	16494	36.4	59
40	16753	37	60
40	17001	37.6	61
40	17245	38.2	62
40	17486	38.8	63
41	792	1.6	1
41	1072	2.2	2
41	1352	2.8	3
41	1632	3.4	4
41	1922	4	5
41	2212	4.6	6
41	2492	5.2	7
41	2772	5.8	8
41	3054	6.4	9
41	3343	7	10
41	3631	7.6	11
41	3907	8.2	12
41	4184	8.8	13
41	4459	9.4	14
41	4744	10	15
41	5028	10.6	16
41	5303	11.2	17
41	5578	11.8	18
41	5853	12.4	19
41	6138	13	20
41	6422	13.6	21
41	6697	14.2	22
41	6972	14.8	23
41	7247	15.4	24
41	7532	16	25
41	7816	16.6	26
41	8090	17.2	27
41	8362	17.8	28
41	8635	18.4	29
41	8915	19	30
41	9191	19.6	31
41	9458	20.2	32
41	9720	20.8	33
41	9982	21.4	34
41	10256	22	35
41	10526	22.6	36
41	10788	23.2	37
41	11050	23.8	38
41	11312	24.4	39
42	793	1.6	1
42	1073	2.2	2
42	1353	2.8	3
42	1633	3.4	4
42	1923	4	5
42	2213	4.6	6
42	2493	5.2	7
42	2773	5.8	8
42	3055	6.4	9
42	3344	7	10
42	3632	7.6	11
42	3908	8.2	12
42	4185	8.8	13
42	4460	9.4	14
42	4745	10	15
42	5029	10.6	16
42	5304	11.2	17
42	5579	11.8	18
42	5854	12.4	19
42	6139	13	20
42	6423	13.6	21
42	6698	14.2	22
42	6973	14.8	23
42	7248	15.4	24
42	7533	16	25
42	7817	16.6	26
42	8091	17.2	27
42	8363	17.8	28
42	8636	18.4	29
42	8916	19	30
42	9192	19.6	31
42	9459	20.2	32
42	9721	20.8	33
42	9983	21.4	34
42	10257	22	35
42	10527	22.6	36
42	10789	23.2	37
42	11051	23.8	38
42	11313	24.4	39
42	11587	25	40
42	11856	25.6	41
42	12117	26.2	42
42	12376	26.8	43
42	12636	27.4	44
42	12906	28	45
42	13169	28.6	46
42	13426	29.2	47
42	13683	29.8	48
42	13940	30.4	49
42	14210	31	50
42	14473	31.6	51
42	14731	32.2	52
42	14985	32.8	53
42	15241	33.4	54
42	15504	34	55
42	15760	34.6	56
42	16006	35.2	57
42	16252	35.8	58
42	16495	36.4	59
42	16754	37	60
42	17002	37.6	61
42	17246	38.2	62
42	17487	38.8	63
42	17732	39.4	64
42	17984	40	65
42	18222	40.6	66
42	18452	41.2	67
42	19554	44.1	68
42	19825	44.9	69
42	20107	45.7	70
42	20386	46.5	71
42	20653	47.3	72
42	20935	48.1	73
42	21197	48.9	74
42	21481	49.7	75
42	21760	50.5	76
42	22026	51.3	77
42	22206	52.1	78
42	22343	52.9	79
42	22482	53.7	80
42	22595	54.5	81
42	22693	55.3	82
42	22801	56.1	83
42	22896	56.9	84
42	23003	57.7	85
42	23102	58.5	86
42	23197	59.3	87
42	23291	60.1	88
42	23362	60.9	89
42	23428	61.7	90
42	23468	62.5	91
42	23505	63.3	92
42	23544	64.1	93
42	23573	64.9	94
42	23603	65.7	95
42	23631	66.5	96
42	23654	67.3	97
42	23666	68.1	98
42	23676	68.9	99
42	23688	69.7	100
43	794	1.6	1
43	1074	2.2	2
43	1354	2.8	3
43	1634	3.4	4
43	1924	4	5
43	2214	4.6	6
43	2494	5.2	7
43	2774	5.8	8
43	3056	6.4	9
43	3345	7	10
43	3633	7.6	11
43	3909	8.2	12
43	4186	8.8	13
43	4461	9.4	14
43	4746	10	15
43	5030	10.6	16
43	5305	11.2	17
43	5580	11.8	18
43	5855	12.4	19
43	6140	13	20
43	6424	13.6	21
43	6699	14.2	22
43	6974	14.8	23
43	7249	15.4	24
43	7534	16	25
43	7818	16.6	26
43	8092	17.2	27
43	8364	17.8	28
43	8637	18.4	29
43	8917	19	30
43	9193	19.6	31
43	9460	20.2	32
43	9722	20.8	33
43	9984	21.4	34
43	10258	22	35
43	10528	22.6	36
43	10790	23.2	37
43	11052	23.8	38
43	11314	24.4	39
43	11588	25	40
43	11857	25.6	41
43	12118	26.2	42
43	12377	26.8	43
43	12637	27.4	44
43	12907	28	45
43	13170	28.6	46
43	13427	29.2	47
43	13684	29.8	48
43	13941	30.4	49
43	14211	31	50
43	14474	31.6	51
43	14732	32.2	52
43	14986	32.8	53
43	15242	33.4	54
43	15505	34	55
43	15761	34.6	56
43	16007	35.2	57
43	16253	35.8	58
43	16496	36.4	59
43	16755	37	60
43	17003	37.6	61
43	17247	38.2	62
43	17488	38.8	63
43	17733	39.4	64
43	17985	40	65
43	18223	40.6	66
43	18453	41.2	67
43	18683	41.8	68
43	18912	42.4	69
43	19152	43	70
43	19378	43.6	71
43	19655	44.4	72
43	19937	45.2	73
43	20215	46	74
43	20485	46.8	75
43	20765	47.6	76
43	21026	48.4	77
43	21313	49.2	78
43	21590	50	79
43	21854	50.8	80
43	22112	51.6	81
43	22253	52.4	82
43	22405	53.2	83
43	22529	54	84
43	22630	54.8	85
43	22737	55.6	86
43	22834	56.4	87
43	22942	57.2	88
43	23040	58	89
43	23137	58.8	90
43	23237	59.6	91
43	23313	60.4	92
43	23403	61.2	93
43	23445	62	94
43	23482	62.8	95
43	23524	63.6	96
43	23554	64.4	97
43	23586	65.2	98
43	23614	66	99
43	23641	66.8	100
44	795	1.6	1
44	1075	2.2	2
44	1355	2.8	3
44	1635	3.4	4
44	1925	4	5
44	2215	4.6	6
44	2495	5.2	7
44	2775	5.8	8
44	3057	6.4	9
44	3346	7	10
44	3634	7.6	11
44	3910	8.2	12
44	4187	8.8	13
44	4462	9.4	14
44	4747	10	15
44	5031	10.6	16
44	5306	11.2	17
44	5581	11.8	18
44	5856	12.4	19
44	6141	13	20
44	6425	13.6	21
44	6700	14.2	22
44	6975	14.8	23
44	7250	15.4	24
44	7535	16	25
44	7819	16.6	26
44	8093	17.2	27
44	8365	17.8	28
44	8638	18.4	29
44	8918	19	30
44	9194	19.6	31
44	9461	20.2	32
44	9723	20.8	33
44	9985	21.4	34
44	10259	22	35
44	10529	22.6	36
44	10791	23.2	37
44	11053	23.8	38
44	11315	24.4	39
44	11589	25	40
44	11858	25.6	41
44	12119	26.2	42
44	12378	26.8	43
44	12638	27.4	44
44	12908	28	45
44	13171	28.6	46
44	13428	29.2	47
44	13685	29.8	48
44	13942	30.4	49
44	14212	31	50
44	14475	31.6	51
44	14733	32.2	52
44	14987	32.8	53
44	15243	33.4	54
44	15506	34	55
44	15762	34.6	56
44	16008	35.2	57
44	16254	35.8	58
44	16497	36.4	59
44	16756	37	60
44	17004	37.6	61
44	17248	38.2	62
44	17489	38.8	63
44	17734	39.4	64
44	17986	40	65
44	18224	40.6	66
44	18454	41.2	67
44	18684	41.8	68
44	18913	42.4	69
44	19153	43	70
44	19379	43.6	71
44	19588	44.2	72
44	19795	44.8	73
44	19998	45.4	74
44	20217	46	75
44	20421	46.6	76
44	20623	47.2	77
44	20826	47.8	78
44	21028	48.4	79
44	21246	49	80
44	21451	49.6	81
44	21654	50.2	82
44	21856	50.8	83
44	22044	51.4	84
44	22189	52	85
44	22302	52.6	86
44	22407	53.2	87
44	22494	53.8	88
44	22573	54.4	89
44	22660	55	90
44	22739	55.6	91
44	22812	56.2	92
44	22886	56.8	93
44	22962	57.4	94
44	23042	58	95
44	23115	58.6	96
44	23186	59.2	97
44	23253	59.8	98
44	23315	60.4	99
44	23380	61	100
45	796	1.6	1
45	1076	2.2	2
45	1356	2.8	3
45	1636	3.4	4
45	1926	4	5
45	2216	4.6	6
45	2496	5.2	7
45	2776	5.8	8
45	3058	6.4	9
45	3347	7	10
45	3635	7.6	11
45	3911	8.2	12
45	4188	8.8	13
45	4463	9.4	14
45	4748	10	15
45	5032	10.6	16
45	5307	11.2	17
45	5582	11.8	18
45	5857	12.4	19
45	6142	13	20
45	6426	13.6	21
45	6701	14.2	22
45	6976	14.8	23
45	7251	15.4	24
45	7536	16	25
45	7820	16.6	26
45	8094	17.2	27
45	8366	17.8	28
45	8639	18.4	29
45	8919	19	30
45	9195	19.6	31
45	9462	20.2	32
45	9724	20.8	33
45	9986	21.4	34
45	10260	22	35
45	10530	22.6	36
45	10792	23.2	37
45	11054	23.8	38
45	11316	24.4	39
45	11590	25	40
45	11859	25.6	41
45	12120	26.2	42
45	12379	26.8	43
45	12639	27.4	44
45	12909	28	45
45	13172	28.6	46
45	13429	29.2	47
45	13686	29.8	48
45	13943	30.4	49
45	14213	31	50
45	14476	31.6	51
45	14734	32.2	52
45	14988	32.8	53
45	15244	33.4	54
45	15507	34	55
45	15763	34.6	56
45	16009	35.2	57
45	16255	35.8	58
45	16498	36.4	59
45	16757	37	60
45	17005	37.6	61
45	17249	38.2	62
45	17490	38.8	63
45	17735	39.4	64
45	17987	40	65
45	18225	40.6	66
45	18455	41.2	67
45	18685	41.8	68
45	18914	42.4	69
45	19154	43	70
45	19380	43.6	71
45	19589	44.2	72
45	19796	44.8	73
45	19999	45.4	74
45	20218	46	75
45	20422	46.6	76
45	20624	47.2	77
45	20827	47.8	78
45	21029	48.4	79
45	21247	49	80
45	21452	49.6	81
45	21655	50.2	82
45	21857	50.8	83
45	22045	51.4	84
45	22190	52	85
45	22303	52.6	86
45	22408	53.2	87
45	22495	53.8	88
45	22574	54.4	89
45	22661	55	90
45	22740	55.6	91
45	22813	56.2	92
45	22887	56.8	93
45	22963	57.4	94
45	23043	58	95
45	23116	58.6	96
45	23187	59.2	97
45	23254	59.8	98
45	23316	60.4	99
45	23381	61	100
46	797	1.6	1
46	1077	2.2	2
46	1357	2.8	3
46	1637	3.4	4
46	1927	4	5
46	2217	4.6	6
46	2497	5.2	7
46	2777	5.8	8
46	3059	6.4	9
46	3348	7	10
46	3636	7.6	11
46	3912	8.2	12
46	4189	8.8	13
46	4464	9.4	14
46	4749	10	15
46	5033	10.6	16
46	5308	11.2	17
46	5583	11.8	18
46	5858	12.4	19
46	6143	13	20
46	6427	13.6	21
46	6702	14.2	22
46	6977	14.8	23
46	7252	15.4	24
47	798	1.6	1
47	1078	2.2	2
47	1358	2.8	3
47	1638	3.4	4
47	1928	4	5
47	2218	4.6	6
47	2498	5.2	7
47	2778	5.8	8
47	3060	6.4	9
47	3349	7	10
47	3637	7.6	11
47	3913	8.2	12
47	4190	8.8	13
47	4465	9.4	14
47	4750	10	15
47	5034	10.6	16
47	5309	11.2	17
47	5584	11.8	18
47	5859	12.4	19
47	6144	13	20
47	6428	13.6	21
47	6703	14.2	22
47	6978	14.8	23
47	7253	15.4	24
47	7538	16	25
47	7821	16.6	26
47	8095	17.2	27
47	8367	17.8	28
47	8640	18.4	29
47	8920	19	30
47	9196	19.6	31
47	9463	20.2	32
47	9725	20.8	33
47	9987	21.4	34
47	10261	22	35
47	10531	22.6	36
47	10793	23.2	37
47	11055	23.8	38
47	11317	24.4	39
47	11591	25	40
47	11860	25.6	41
47	12121	26.2	42
47	12380	26.8	43
47	12640	27.4	44
47	12910	28	45
47	13173	28.6	46
47	13430	29.2	47
47	13687	29.8	48
47	13944	30.4	49
47	14214	31	50
47	14477	31.6	51
47	14735	32.2	52
47	14989	32.8	53
47	15245	33.4	54
47	15508	34	55
47	15764	34.6	56
47	16010	35.2	57
47	16256	35.8	58
47	16499	36.4	59
47	16758	37	60
47	17006	37.6	61
47	17250	38.2	62
47	17491	38.8	63
48	799	1.6	1
48	1079	2.2	2
48	1359	2.8	3
48	1639	3.4	4
48	1929	4	5
48	2219	4.6	6
48	2499	5.2	7
48	2779	5.8	8
48	3061	6.4	9
48	3350	7	10
48	3638	7.6	11
48	3914	8.2	12
48	4191	8.8	13
48	4466	9.4	14
48	4751	10	15
48	5035	10.6	16
48	5310	11.2	17
48	5585	11.8	18
48	5860	12.4	19
48	6145	13	20
48	6429	13.6	21
48	6704	14.2	22
48	6979	14.8	23
48	7254	15.4	24
48	7539	16	25
48	7822	16.6	26
48	8096	17.2	27
48	8368	17.8	28
48	8641	18.4	29
48	8921	19	30
48	9197	19.6	31
48	9464	20.2	32
48	9726	20.8	33
48	9988	21.4	34
48	10262	22	35
48	10532	22.6	36
48	10794	23.2	37
48	11056	23.8	38
48	11318	24.4	39
48	11592	25	40
48	11861	25.6	41
48	12122	26.2	42
48	12381	26.8	43
48	12641	27.4	44
48	12911	28	45
48	13174	28.6	46
48	13431	29.2	47
48	13688	29.8	48
48	13945	30.4	49
48	14215	31	50
48	14478	31.6	51
48	14736	32.2	52
48	14990	32.8	53
48	15246	33.4	54
48	15509	34	55
48	15765	34.6	56
48	16011	35.2	57
48	16257	35.8	58
48	16500	36.4	59
48	16759	37	60
48	17007	37.6	61
48	17251	38.2	62
48	17492	38.8	63
48	17737	39.4	64
48	17988	40	65
48	18226	40.6	66
48	18456	41.2	67
48	18686	41.8	68
48	19764	44.7	69
48	20045	45.5	70
48	20310	46.3	71
48	20592	47.1	72
48	20856	47.9	73
48	21138	48.7	74
48	21417	49.5	75
48	21684	50.3	76
48	21966	51.1	77
48	22155	51.9	78
48	22316	52.7	79
48	22458	53.5	80
48	22562	54.3	81
48	22675	55.1	82
48	22768	55.9	83
48	22876	56.7	84
49	800	1.6	1
49	1080	2.2	2
49	1360	2.8	3
49	1640	3.4	4
49	1930	4	5
49	2220	4.6	6
49	2500	5.2	7
49	2780	5.8	8
49	3062	6.4	9
49	3351	7	10
49	3639	7.6	11
49	3915	8.2	12
49	4192	8.8	13
49	4467	9.4	14
49	4752	10	15
49	5036	10.6	16
49	5311	11.2	17
49	5586	11.8	18
49	5861	12.4	19
49	6146	13	20
49	6430	13.6	21
49	6705	14.2	22
49	6980	14.8	23
49	7255	15.4	24
49	7540	16	25
49	7823	16.6	26
49	8097	17.2	27
49	8369	17.8	28
49	8642	18.4	29
49	8922	19	30
49	9198	19.6	31
49	9465	20.2	32
49	9727	20.8	33
49	9989	21.4	34
49	10263	22	35
49	10533	22.6	36
49	10795	23.2	37
49	11057	23.8	38
49	11319	24.4	39
49	11593	25	40
49	11862	25.6	41
49	12123	26.2	42
49	12382	26.8	43
49	12642	27.4	44
49	12912	28	45
49	13175	28.6	46
49	13432	29.2	47
49	13689	29.8	48
49	13946	30.4	49
49	14216	31	50
49	14479	31.6	51
49	14737	32.2	52
49	14991	32.8	53
49	15247	33.4	54
49	15510	34	55
49	15766	34.6	56
49	16012	35.2	57
49	16258	35.8	58
49	16501	36.4	59
49	16760	37	60
49	17008	37.6	61
49	17252	38.2	62
49	17493	38.8	63
49	17738	39.4	64
49	17989	40	65
49	18227	40.6	66
49	18457	41.2	67
49	18687	41.8	68
49	18915	42.4	69
49	19155	43	70
49	19381	43.6	71
49	19590	44.2	72
49	19797	44.8	73
49	20000	45.4	74
49	20219	46	75
49	20423	46.6	76
49	20625	47.2	77
49	20828	47.8	78
49	21030	48.4	79
49	21248	49	80
49	21453	49.6	81
49	21656	50.2	82
49	21858	50.8	83

