#if CHURN == 10
    double peer_dying_time[PEER_AMOUNT] = {28, 0, 0, 0, 0, 0, 0, 0, 0, 0, 15, 0, 0, 0, 0, 0, 0, 0, 0, 0, 28, 0, 0, 0, 0, 0, 0, 0, 0, 0, 25, 0, 0, 0, 0, 0, 0, 0, 0, 0, 28, 0, 0, 0, 0, 0, 0, 0, 0, 0, 30, 0, 0, 0, 0, 0, 0, 0, 0, 0, 17, 0, 0, 0, 0, 0, 0, 0, 0, 0, 20, 0, 0, 0, 0, 0, 0, 0, 0, 0, 30, 0, 0, 0, 0, 0, 0, 0, 0, 0, 27, 0, 0, 0, 0, 0, 0, 0, 0, 0, 20, 0, 0, 0, 0, 0, 0, 0, 0, 0, 11, 0, 0, 0, 0, 0, 0, 0, 0, 0, 17, 0, 0, 0, 0, 0, 0, 0, 0, 0, 15, 0, 0, 0, 0, 0, 0, 0, 0, 0, 28, 0, 0, 0, 0, 0, 0, 0, 0, 0, 10, 0, 0, 0, 0, 0, 0, 0, 0, 0, 23, 0, 0, 0, 0, 0, 0, 0, 0, 0, 16, 0, 0, 0, 0, 0, 0, 0, 0, 0, 21, 0, 0, 0, 0, 0, 0, 0, 0, 0, 29, 0, 0, 0, 0, 0, 0, 0, 0, 0, 26, 0, 0, 0, 0, 0, 0, 0, 0, 0, 18, 0, 0, 0, 0, 0, 0, 0, 0, 0, 16, 0, 0, 0, 0, 0, 0, 0, 0, 0, 12, 0, 0, 0, 0, 0, 0, 0, 0, 0, 26, 0, 0, 0, 0, 0, 0, 0, 0, 0, 13, 0, 0, 0, 0, 0, 0, 0, 0, 0, 12, 0, 0, 0, 0, 0, 0, 0, 0, 0, 27, 0, 0, 0, 0, 0, 0, 0, 0, 0, 19, 0, 0, 0, 0, 0, 0, 0, 0, 0, 12, 0, 0, 0, 0, 0, 0, 0, 0, 0};

#elif CHURN == 20
    double peer_dying_time[PEER_AMOUNT] = {27, 0, 0, 0, 0, 28, 0, 0, 0, 0, 16, 0, 0, 0, 0, 10, 0, 0, 0, 0, 25, 0, 0, 0, 0, 15, 0, 0, 0, 0, 20, 0, 0, 0, 0, 23, 0, 0, 0, 0, 20, 0, 0, 0, 0, 19, 0, 0, 0, 0, 22, 0, 0, 0, 0, 10, 0, 0, 0, 0, 14, 0, 0, 0, 0, 21, 0, 0, 0, 0, 16, 0, 0, 0, 0, 13, 0, 0, 0, 0, 10, 0, 0, 0, 0, 14, 0, 0, 0, 0, 18, 0, 0, 0, 0, 11, 0, 0, 0, 0, 21, 0, 0, 0, 0, 13, 0, 0, 0, 0, 30, 0, 0, 0, 0, 10, 0, 0, 0, 0, 25, 0, 0, 0, 0, 23, 0, 0, 0, 0, 16, 0, 0, 0, 0, 20, 0, 0, 0, 0, 12, 0, 0, 0, 0, 30, 0, 0, 0, 0, 11, 0, 0, 0, 0, 17, 0, 0, 0, 0, 23, 0, 0, 0, 0, 19, 0, 0, 0, 0, 26, 0, 0, 0, 0, 11, 0, 0, 0, 0, 24, 0, 0, 0, 0, 19, 0, 0, 0, 0, 23, 0, 0, 0, 0, 13, 0, 0, 0, 0, 22, 0, 0, 0, 0, 25, 0, 0, 0, 0, 29, 0, 0, 0, 0, 15, 0, 0, 0, 0, 15, 0, 0, 0, 0, 19, 0, 0, 0, 0, 10, 0, 0, 0, 0, 16, 0, 0, 0, 0, 22, 0, 0, 0, 0, 29, 0, 0, 0, 0, 28, 0, 0, 0, 0, 15, 0, 0, 0, 0, 25, 0, 0, 0, 0, 13, 0, 0, 0, 0, 29, 0, 0, 0, 0, 22, 0, 0, 0, 0, 15, 0, 0, 0, 0, 22, 0, 0, 0, 0, 24, 0, 0, 0, 0, 30, 0, 0, 0, 0};

#elif CHURN == 30
    double peer_dying_time[PEER_AMOUNT] = {21, 0, 0, 27, 0, 0, 21, 0, 0, 13, 0, 0, 23, 0, 0, 24, 0, 0, 17, 0, 0, 17, 0, 0, 19, 0, 0, 22, 0, 0, 17, 0, 0, 25, 0, 0, 22, 0, 0, 10, 0, 0, 11, 0, 0, 21, 0, 0, 16, 0, 0, 30, 0, 0, 22, 0, 0, 10, 0, 0, 28, 0, 0, 11, 0, 0, 19, 0, 0, 29, 0, 0, 27, 0, 0, 21, 0, 0, 17, 0, 0, 30, 0, 0, 26, 0, 0, 10, 0, 0, 25, 0, 0, 21, 0, 0, 19, 0, 0, 13, 0, 0, 29, 0, 0, 18, 0, 0, 25, 0, 0, 18, 0, 0, 29, 0, 0, 12, 0, 0, 20, 0, 0, 11, 0, 0, 21, 0, 0, 10, 0, 0, 12, 0, 0, 25, 0, 0, 20, 0, 0, 12, 0, 0, 10, 0, 0, 22, 0, 0, 20, 0, 0, 28, 0, 0, 27, 0, 0, 14, 0, 0, 15, 0, 0, 16, 0, 0, 28, 0, 0, 11, 0, 0, 16, 0, 0, 14, 0, 0, 17, 0, 0, 15, 0, 0, 26, 0, 0, 29, 0, 0, 30, 0, 0, 25, 0, 0, 26, 0, 0, 11, 0, 0, 23, 0, 0, 13, 0, 0, 29, 0, 0, 11, 0, 0, 27, 0, 0, 11, 0, 0, 27, 0, 0, 12, 0, 0, 11, 0, 0, 18, 0, 0, 23, 0, 0, 11, 0, 0, 15, 0, 0, 19, 0, 0, 13, 0, 0, 16, 0, 0, 21, 0, 0, 21, 0, 0, 17, 0, 0, 21, 0, 0, 27, 0, 0, 16, 0, 0, 12, 0, 0, 18, 0, 0, 25, 0, 0, 15, 0, 0, 11, 0, 0, 20, 0, 0, 25, 0, 0, 22, 0, 0, 27, 0, 0, 23, 0, 0};

#elif CHURN == 40
    double peer_dying_time[PEER_AMOUNT] = {29, 0, 20, 0, 0, 22, 0, 29, 0, 0, 10, 0, 10, 0, 0, 15, 0, 10, 0, 0, 21, 0, 11, 0, 0, 18, 0, 25, 0, 0, 21, 0, 23, 0, 0, 30, 0, 29, 0, 0, 25, 0, 26, 0, 0, 15, 0, 21, 0, 0, 12, 0, 23, 0, 0, 11, 0, 20, 0, 0, 12, 0, 23, 0, 0, 11, 0, 24, 0, 0, 26, 0, 23, 0, 0, 10, 0, 10, 0, 0, 18, 0, 21, 0, 0, 29, 0, 23, 0, 0, 25, 0, 13, 0, 0, 13, 0, 12, 0, 0, 19, 0, 11, 0, 0, 28, 0, 21, 0, 0, 12, 0, 15, 0, 0, 15, 0, 12, 0, 0, 26, 0, 26, 0, 0, 24, 0, 19, 0, 0, 10, 0, 19, 0, 0, 18, 0, 14, 0, 0, 14, 0, 24, 0, 0, 21, 0, 29, 0, 0, 26, 0, 24, 0, 0, 30, 0, 22, 0, 0, 18, 0, 29, 0, 0, 24, 0, 11, 0, 0, 26, 0, 14, 0, 0, 25, 0, 30, 0, 0, 13, 0, 24, 0, 0, 27, 0, 21, 0, 0, 30, 0, 29, 0, 0, 16, 0, 17, 0, 0, 27, 0, 29, 0, 0, 29, 0, 15, 0, 0, 14, 0, 26, 0, 0, 30, 0, 24, 0, 0, 15, 0, 11, 0, 0, 16, 0, 11, 0, 0, 17, 0, 12, 0, 0, 21, 0, 10, 0, 0, 17, 0, 15, 0, 0, 13, 0, 19, 0, 0, 18, 0, 25, 0, 0, 30, 0, 24, 0, 0, 19, 0, 15, 0, 0, 26, 0, 26, 0, 0, 15, 0, 14, 0, 0, 10, 0, 16, 0, 0, 22, 0, 15, 0, 0, 24, 0, 12, 0, 0, 30, 0, 11, 0, 0, 10, 0, 23, 0, 0};